<?xml version="1.0"?>

<KARMA ka_file_version="1.0">
	<ASSET id="EliteKA" graphic="elite.PSK" scale="0.01" mass_scale="1" length_scale="1">
		<GEOMETRY id="bip01 head">
			<PRIMITIVE id="bip01 head_1" type="sphere">
				<RADIUS>0.2175631</RADIUS>
				<TM>1,0,0,0,0,1,0,0,0,0,1,0,0.1770198,-0.1227454,-0.001903763,1</TM>
			</PRIMITIVE>
		</GEOMETRY>
		<GEOMETRY id="bip01 l calf">
			<PRIMITIVE id="bip01 l calf_1" type="sphyl">
				<RADIUS>0.1142567</RADIUS>
				<HEIGHT>0.5325372</HEIGHT>
				<TM>6.071899e-009,-0.9955329,0.09441563,0,-3.121318e-008,-0.0944156,-0.9955329,0,1,-5.327991e-008,-3.077546e-008,0,0.2662687,-2.844272e-008,-1.049392e-008,1</TM>
			</PRIMITIVE>
		</GEOMETRY>
		<GEOMETRY id="bip01 l finger0">
			<PRIMITIVE id="bip01 l finger0_1" type="sphere">
				<RADIUS>0.0503679</RADIUS>
				<TM>1,0,0,0,0,1,0,0,0,0,1,0,0.05859996,-0.02678166,0.01598543,1</TM>
			</PRIMITIVE>
		</GEOMETRY>
		<GEOMETRY id="bip01 l foot">
			<PRIMITIVE id="bip01 l foot_1" type="sphyl">
				<RADIUS>0.1537037</RADIUS>
				<HEIGHT>0.4024338</HEIGHT>
				<TM>-0.8466004,-0.5317215,0.02323946,0,-0.01967988,-0.01236026,-0.9997298,0,0.531865,-0.8468291,1.242475e-008,0,0.1070202,-0.1703963,4.894118e-009,1</TM>
			</PRIMITIVE>
		</GEOMETRY>
		<GEOMETRY id="bip01 l forearm">
			<PRIMITIVE id="bip01 l forearm_1" type="sphyl">
				<RADIUS>0.1103391</RADIUS>
				<HEIGHT>0.3435234</HEIGHT>
				<TM>-1.381722e-007,0.008712028,-0.999962,0,3.061657e-008,0.999962,0.008712031,0,1,4.117919e-009,-1.889706e-007,0,0.1717617,-4.924182e-009,-7.160367e-009,1</TM>
			</PRIMITIVE>
		</GEOMETRY>
		<GEOMETRY id="bip01 l hand">
			<PRIMITIVE id="bip01 l hand_1" type="sphyl">
				<RADIUS>0.09837339</RADIUS>
				<HEIGHT>0.2383186</HEIGHT>
				<TM>6.845977e-008,0.2500339,-0.968237,0,9.29131e-008,0.968237,0.2500339,0,1,-1.421693e-007,-2.605239e-008,0,0.1191593,-5.219937e-008,-9.749799e-009,1</TM>
			</PRIMITIVE>
		</GEOMETRY>
		<GEOMETRY id="bip01 l horselink">
			<PRIMITIVE id="bip01 l horselink_1" type="sphyl">
				<RADIUS>0.154785</RADIUS>
				<HEIGHT>0.4554592</HEIGHT>
				<TM>1.55065e-008,-0.9987891,0.04919872,0,2.722823e-008,-0.04919873,-0.998789,0,1,8.634417e-008,4.891331e-008,0,0.2277296,2.096978e-008,2.802186e-009,1</TM>
			</PRIMITIVE>
		</GEOMETRY>
		<GEOMETRY id="bip01 l thigh">
			<PRIMITIVE id="bip01 l thigh_1" type="sphyl">
				<RADIUS>0.1540269</RADIUS>
				<HEIGHT>0.6274429</HEIGHT>
				<TM>-7.123143e-008,-0.9999464,0.01036907,0,4.008589e-008,-0.01036908,-0.9999463,0,1,-8.615792e-008,6.383451e-008,0,0.3137214,-7.058194e-008,1.998863e-008,1</TM>
			</PRIMITIVE>
		</GEOMETRY>
		<GEOMETRY id="bip01 l toe0">
			<PRIMITIVE id="bip01 l toe0_1" type="sphere">
				<RADIUS>0.03149042</RADIUS>
				<TM>1,0,0,0,0,1,0,0,0,0,1,0,0.06325234,-0.02260918,0.06686904,1</TM>
			</PRIMITIVE>
		</GEOMETRY>
		<GEOMETRY id="bip01 l upperarm">
			<PRIMITIVE id="bip01 l upperarm_1" type="sphyl">
				<RADIUS>0.133315</RADIUS>
				<HEIGHT>0.6253774</HEIGHT>
				<TM>1.963958e-008,0.008624376,-0.9999628,0,2.851313e-009,0.9999629,0.00862436,0,1,4.729813e-008,-2.826596e-008,0,0.3126888,2.953795e-009,-3.570693e-008,1</TM>
			</PRIMITIVE>
		</GEOMETRY>
		<GEOMETRY id="bip01 neck">
			<PRIMITIVE id="bip01 neck_1" type="sphere">
				<RADIUS>0.08691035</RADIUS>
				<TM>1,0,0,0,0,1,0,0,0,0,1,0,0.05709904,0.01914122,-0.0002348709,1</TM>
			</PRIMITIVE>
		</GEOMETRY>
		<GEOMETRY id="bip01 pelvis">
			<PRIMITIVE id="bip01 pelvis_1" type="sphere">
				<RADIUS>0.1458526</RADIUS>
				<TM>1,0,0,0,0,1,0,0,0,0,1,0,-0.002440195,0.001428928,-0.005038319,1</TM>
			</PRIMITIVE>
		</GEOMETRY>
		<GEOMETRY id="bip01 r calf">
			<PRIMITIVE id="bip01 r calf_1" type="sphyl">
				<RADIUS>0.1142567</RADIUS>
				<HEIGHT>0.5325372</HEIGHT>
				<TM>8.006931e-008,-0.9955329,-0.0944149,0,4.048045e-009,0.09441493,-0.9955329,0,1,9.191371e-008,2.39373e-008,0,0.2662687,9.163803e-011,1.429828e-008,1</TM>
			</PRIMITIVE>
		</GEOMETRY>
		<GEOMETRY id="bip01 r clavicle">
			<PRIMITIVE id="bip01 r clavicle_1" type="sphyl">
				<RADIUS>0.01525488</RADIUS>
				<HEIGHT>0.1867383</HEIGHT>
				<TM>-1.42923e-007,0.1805869,-0.983559,0,4.101951e-008,0.983559,0.180587,0,0.9999999,-4.637736e-008,-1.145196e-007,0,0.09336912,-2.934378e-009,-6.986528e-008,1</TM>
			</PRIMITIVE>
		</GEOMETRY>
		<GEOMETRY id="bip01 r finger0">
			<PRIMITIVE id="bip01 r finger0_1" type="sphere">
				<RADIUS>0.05036798</RADIUS>
				<TM>1,0,0,0,0,1,0,0,0,0,1,0,0.05843028,-0.02593206,-0.01294529,1</TM>
			</PRIMITIVE>
		</GEOMETRY>
		<GEOMETRY id="bip01 r foot">
			<PRIMITIVE id="bip01 r foot_1" type="sphyl">
				<RADIUS>0.1537043</RADIUS>
				<HEIGHT>0.4024338</HEIGHT>
				<TM>-0.8466004,-0.5317215,-0.02323799,0,0.01967859,0.01235944,-0.9997299,0,0.5318649,-0.8468291,2.79892e-008,0,0.1070202,-0.1703963,8.283743e-009,1</TM>
			</PRIMITIVE>
		</GEOMETRY>
		<GEOMETRY id="bip01 r forearm">
			<PRIMITIVE id="bip01 r forearm_1" type="sphyl">
				<RADIUS>0.09317205</RADIUS>
				<HEIGHT>0.3435234</HEIGHT>
				<TM>9.716313e-008,0.9935766,-0.1131609,0,-7.430917e-008,0.113161,0.9935766,0,1,-1.544195e-007,6.797203e-008,0,0.1717618,-3.700017e-008,4.046445e-008,1</TM>
			</PRIMITIVE>
		</GEOMETRY>
		<GEOMETRY id="bip01 r hand">
			<PRIMITIVE id="bip01 r hand_1" type="sphere">
				<RADIUS>0.09837349</RADIUS>
				<TM>1,0,0,0,0,1,0,0,0,0,1,0,0.1183182,-0.01165747,-0.002686481,1</TM>
			</PRIMITIVE>
		</GEOMETRY>
		<GEOMETRY id="bip01 r horselink">
			<PRIMITIVE id="bip01 r horselink_1" type="sphyl">
				<RADIUS>0.1547851</RADIUS>
				<HEIGHT>0.4554592</HEIGHT>
				<TM>-2.88803e-009,-0.9987891,-0.04919579,0,6.024434e-008,0.04919577,-0.998789,0,0.9999999,1.523504e-008,9.122998e-008,0,0.2277296,9.528264e-009,1.742723e-008,1</TM>
			</PRIMITIVE>
		</GEOMETRY>
		<GEOMETRY id="bip01 r thigh">
			<PRIMITIVE id="bip01 r thigh_1" type="sphyl">
				<RADIUS>0.1540266</RADIUS>
				<HEIGHT>0.627443</HEIGHT>
				<TM>-3.074554e-008,-0.9999464,-0.01036655,0,-1.740663e-008,0.01036652,-0.9999462,0,0.9999999,-9.223405e-008,1.066594e-008,0,0.3137215,-5.004911e-008,3.527814e-009,1</TM>
			</PRIMITIVE>
		</GEOMETRY>
		<GEOMETRY id="bip01 r toe0">
			<PRIMITIVE id="bip01 r toe0_1" type="sphere">
				<RADIUS>0.0314903</RADIUS>
				<TM>1,0,0,0,0,1,0,0,0,0,1,0,0.0632498,-0.02260915,-0.06690745,1</TM>
			</PRIMITIVE>
		</GEOMETRY>
		<GEOMETRY id="bip01 r upperarm">
			<PRIMITIVE id="bip01 r upperarm_1" type="sphyl">
				<RADIUS>0.1506125</RADIUS>
				<HEIGHT>0.6253774</HEIGHT>
				<TM>-6.887009e-008,-0.008627313,-0.9999627,0,4.290943e-008,0.9999627,-0.008627292,0,1,-2.111175e-008,-9.872625e-008,0,0.3126888,-9.890531e-009,-2.465653e-009,1</TM>
			</PRIMITIVE>
		</GEOMETRY>
		<GEOMETRY id="bip01 spine">
			<PRIMITIVE id="bip01 spine_1" type="sphyl">
				<RADIUS>0.08892916</RADIUS>
				<HEIGHT>0.1600417</HEIGHT>
				<TM>-0.0007882278,0.9999998,-1.294735e-006,0,2.524256e-006,1.295344e-006,1,0,0.9999998,0.0007881933,-2.493794e-006,0,0.08002082,6.307039e-005,-1.987933e-007,1</TM>
			</PRIMITIVE>
		</GEOMETRY>
		<GEOMETRY id="bip01 spine1">
			<PRIMITIVE id="bip01 spine1_1" type="sphyl">
				<RADIUS>0.04614408</RADIUS>
				<HEIGHT>0.1600398</HEIGHT>
				<TM>1.179547e-006,-0.001510238,0.9999989,0,0.0007865153,-0.9999985,-0.001510233,0,0.9999997,0.0007865028,3.800705e-008,0,0.08001985,6.293689e-005,3.150739e-009,1</TM>
			</PRIMITIVE>
		</GEOMETRY>
		<GEOMETRY id="bip01 spine2">
			<PRIMITIVE id="bip01 spine2_1" type="sphyl">
				<RADIUS>0.2964438</RADIUS>
				<HEIGHT>0.160096</HEIGHT>
				<TM>-0.0004991805,0.9999999,-0.0002171064,0,-1.313407e-007,0.0002170965,0.9999999,0,0.9999999,0.0004991844,5.208216e-008,0,0.08004806,3.995054e-005,4.863835e-009,1</TM>
			</PRIMITIVE>
		</GEOMETRY>
		<MODEL id="bip01" type="dynamics_only">
			<DYNAMICS>
				<MASS>0.374378</MASS>
				<DENSITY>1</DENSITY>
				<MASS_OFFSET>0,0,0</MASS_OFFSET>
				<INERTIA>0.0374378,0,0,0.0374378,0,0.0374378</INERTIA>
				<LIN_DAMP>0</LIN_DAMP>
				<ANG_DAMP>0</ANG_DAMP>
				<FAST_SPIN>0,1,0</FAST_SPIN>
				<USE_FAST_SPIN>0</USE_FAST_SPIN>
			</DYNAMICS>
		</MODEL>
		<MODEL id="bip01 head" type="dynamics_and_geometry" geometry="bip01 head">
			<DYNAMICS>
				<MASS>0.01458812</MASS>
				<DENSITY>1</DENSITY>
				<MASS_OFFSET>0.1770198,-0.1227454,-0.001903763</MASS_OFFSET>
				<INERTIA>0.001,0,0,0.001,0,0.001</INERTIA>
				<LIN_DAMP>0</LIN_DAMP>
				<ANG_DAMP>0</ANG_DAMP>
				<FAST_SPIN>0,1,0</FAST_SPIN>
				<USE_FAST_SPIN>0</USE_FAST_SPIN>
			</DYNAMICS>
		</MODEL>
		<MODEL id="bip01 l calf" type="dynamics_and_geometry" geometry="bip01 l calf">
			<DYNAMICS>
				<MASS>0.01</MASS>
				<DENSITY>1</DENSITY>
				<MASS_OFFSET>0.2662687,-2.844272e-008,-1.049392e-008</MASS_OFFSET>
				<INERTIA>0.001,0,0,0.001,0,0.001</INERTIA>
				<LIN_DAMP>0</LIN_DAMP>
				<ANG_DAMP>0</ANG_DAMP>
				<FAST_SPIN>0,1,0</FAST_SPIN>
				<USE_FAST_SPIN>0</USE_FAST_SPIN>
			</DYNAMICS>
		</MODEL>
		<MODEL id="bip01 l clavicle" type="dynamics_only">
			<DYNAMICS>
				<MASS>0.374378</MASS>
				<DENSITY>1</DENSITY>
				<MASS_OFFSET>0,0,0</MASS_OFFSET>
				<INERTIA>0.0374378,0,0,0.0374378,0,0.0374378</INERTIA>
				<LIN_DAMP>0</LIN_DAMP>
				<ANG_DAMP>0</ANG_DAMP>
				<FAST_SPIN>0,1,0</FAST_SPIN>
				<USE_FAST_SPIN>0</USE_FAST_SPIN>
			</DYNAMICS>
		</MODEL>
		<MODEL id="bip01 l foot" type="dynamics_and_geometry" geometry="bip01 l foot">
			<DYNAMICS>
				<MASS>0.01527708</MASS>
				<DENSITY>1</DENSITY>
				<MASS_OFFSET>0.1070202,-0.1703963,4.894118e-009</MASS_OFFSET>
				<INERTIA>0.001,0,0,0.001,0,0.001</INERTIA>
				<LIN_DAMP>0</LIN_DAMP>
				<ANG_DAMP>0</ANG_DAMP>
				<FAST_SPIN>0,1,0</FAST_SPIN>
				<USE_FAST_SPIN>0</USE_FAST_SPIN>
			</DYNAMICS>
		</MODEL>
		<MODEL id="bip01 l forearm" type="dynamics_and_geometry" geometry="bip01 l forearm">
			<DYNAMICS>
				<MASS>0.01</MASS>
				<DENSITY>1</DENSITY>
				<MASS_OFFSET>0.1717617,-4.924182e-009,-7.160367e-009</MASS_OFFSET>
				<INERTIA>0.001,0,0,0.001,0,0.001</INERTIA>
				<LIN_DAMP>0</LIN_DAMP>
				<ANG_DAMP>0</ANG_DAMP>
				<FAST_SPIN>0,1,0</FAST_SPIN>
				<USE_FAST_SPIN>0</USE_FAST_SPIN>
			</DYNAMICS>
		</MODEL>
		<MODEL id="bip01 l hand" type="dynamics_and_geometry" geometry="bip01 l hand">
			<DYNAMICS>
				<MASS>0.01</MASS>
				<DENSITY>1</DENSITY>
				<MASS_OFFSET>0.1191593,-5.219937e-008,-9.749799e-009</MASS_OFFSET>
				<INERTIA>0.001,0,0,0.001,0,0.001</INERTIA>
				<LIN_DAMP>0</LIN_DAMP>
				<ANG_DAMP>0</ANG_DAMP>
				<FAST_SPIN>0,1,0</FAST_SPIN>
				<USE_FAST_SPIN>0</USE_FAST_SPIN>
			</DYNAMICS>
		</MODEL>
		<MODEL id="bip01 l horselink" type="dynamics_and_geometry" geometry="bip01 l horselink">
			<DYNAMICS>
				<MASS>0.01687944</MASS>
				<DENSITY>1</DENSITY>
				<MASS_OFFSET>0.2277296,2.096978e-008,2.802186e-009</MASS_OFFSET>
				<INERTIA>0.001,0,0,0.001,0,0.001</INERTIA>
				<LIN_DAMP>0</LIN_DAMP>
				<ANG_DAMP>0</ANG_DAMP>
				<FAST_SPIN>0,1,0</FAST_SPIN>
				<USE_FAST_SPIN>0</USE_FAST_SPIN>
			</DYNAMICS>
		</MODEL>
		<MODEL id="bip01 l thigh" type="dynamics_and_geometry" geometry="bip01 l thigh">
			<DYNAMICS>
				<MASS>0.02102385</MASS>
				<DENSITY>1</DENSITY>
				<MASS_OFFSET>0.3137214,-7.058194e-008,1.998863e-008</MASS_OFFSET>
				<INERTIA>0.001,0,0,0.001343567,0,0.001343567</INERTIA>
				<LIN_DAMP>0</LIN_DAMP>
				<ANG_DAMP>0</ANG_DAMP>
				<FAST_SPIN>0,1,0</FAST_SPIN>
				<USE_FAST_SPIN>0</USE_FAST_SPIN>
			</DYNAMICS>
		</MODEL>
		<MODEL id="bip01 l upperarm" type="dynamics_and_geometry" geometry="bip01 l upperarm">
			<DYNAMICS>
				<MASS>0.01518615</MASS>
				<DENSITY>1</DENSITY>
				<MASS_OFFSET>0.3126888,2.953795e-009,-3.570693e-008</MASS_OFFSET>
				<INERTIA>0.001,0,0,0.001,0,0.001</INERTIA>
				<LIN_DAMP>0</LIN_DAMP>
				<ANG_DAMP>0</ANG_DAMP>
				<FAST_SPIN>0,1,0</FAST_SPIN>
				<USE_FAST_SPIN>0</USE_FAST_SPIN>
			</DYNAMICS>
		</MODEL>
		<MODEL id="bip01 neck" type="dynamics_and_geometry" geometry="bip01 neck">
			<DYNAMICS>
				<MASS>0.01</MASS>
				<DENSITY>1</DENSITY>
				<MASS_OFFSET>0.05709904,0.01914122,-0.0002348709</MASS_OFFSET>
				<INERTIA>0.001,0,0,0.001,0,0.001</INERTIA>
				<LIN_DAMP>0</LIN_DAMP>
				<ANG_DAMP>0</ANG_DAMP>
				<FAST_SPIN>0,1,0</FAST_SPIN>
				<USE_FAST_SPIN>0</USE_FAST_SPIN>
			</DYNAMICS>
		</MODEL>
		<MODEL id="bip01 pelvis" type="dynamics_and_geometry" geometry="bip01 pelvis">
			<DYNAMICS>
				<MASS>0.01</MASS>
				<DENSITY>1</DENSITY>
				<MASS_OFFSET>-0.002440195,0.001428928,-0.005038319</MASS_OFFSET>
				<INERTIA>0.001,0,0,0.001,0,0.001</INERTIA>
				<LIN_DAMP>0</LIN_DAMP>
				<ANG_DAMP>0</ANG_DAMP>
				<FAST_SPIN>0,1,0</FAST_SPIN>
				<USE_FAST_SPIN>0</USE_FAST_SPIN>
			</DYNAMICS>
		</MODEL>
		<MODEL id="bip01 r calf" type="dynamics_and_geometry" geometry="bip01 r calf">
			<DYNAMICS>
				<MASS>0.01</MASS>
				<DENSITY>1</DENSITY>
				<MASS_OFFSET>0.2662687,9.163803e-011,1.429828e-008</MASS_OFFSET>
				<INERTIA>0.001,0,0,0.001,0,0.001</INERTIA>
				<LIN_DAMP>0</LIN_DAMP>
				<ANG_DAMP>0</ANG_DAMP>
				<FAST_SPIN>0,1,0</FAST_SPIN>
				<USE_FAST_SPIN>0</USE_FAST_SPIN>
			</DYNAMICS>
		</MODEL>
		<MODEL id="bip01 r clavicle" type="dynamics_and_geometry" geometry="bip01 r clavicle">
			<DYNAMICS>
				<MASS>0.01</MASS>
				<DENSITY>1</DENSITY>
				<MASS_OFFSET>0.09336912,-2.934378e-009,-6.986528e-008</MASS_OFFSET>
				<INERTIA>0.001,0,0,0.001,0,0.001</INERTIA>
				<LIN_DAMP>0</LIN_DAMP>
				<ANG_DAMP>0</ANG_DAMP>
				<FAST_SPIN>0,1,0</FAST_SPIN>
				<USE_FAST_SPIN>0</USE_FAST_SPIN>
			</DYNAMICS>
		</MODEL>
		<MODEL id="bip01 r foot" type="dynamics_and_geometry" geometry="bip01 r foot">
			<DYNAMICS>
				<MASS>0.01527723</MASS>
				<DENSITY>1</DENSITY>
				<MASS_OFFSET>0.1070202,-0.1703963,8.283743e-009</MASS_OFFSET>
				<INERTIA>0.001,0,0,0.001,0,0.001</INERTIA>
				<LIN_DAMP>0</LIN_DAMP>
				<ANG_DAMP>0</ANG_DAMP>
				<FAST_SPIN>0,1,0</FAST_SPIN>
				<USE_FAST_SPIN>0</USE_FAST_SPIN>
			</DYNAMICS>
		</MODEL>
		<MODEL id="bip01 r forearm" type="dynamics_and_geometry" geometry="bip01 r forearm">
			<DYNAMICS>
				<MASS>0.01</MASS>
				<DENSITY>1</DENSITY>
				<MASS_OFFSET>0.1717618,-3.700017e-008,4.046445e-008</MASS_OFFSET>
				<INERTIA>0.001,0,0,0.001,0,0.001</INERTIA>
				<LIN_DAMP>0</LIN_DAMP>
				<ANG_DAMP>0</ANG_DAMP>
				<FAST_SPIN>0,1,0</FAST_SPIN>
				<USE_FAST_SPIN>0</USE_FAST_SPIN>
			</DYNAMICS>
		</MODEL>
		<MODEL id="bip01 r hand" type="dynamics_and_geometry" geometry="bip01 r hand">
			<DYNAMICS>
				<MASS>0.01</MASS>
				<DENSITY>1</DENSITY>
				<MASS_OFFSET>0.1183182,-0.01165747,-0.002686481</MASS_OFFSET>
				<INERTIA>0.001,0,0,0.001,0,0.001</INERTIA>
				<LIN_DAMP>0</LIN_DAMP>
				<ANG_DAMP>0</ANG_DAMP>
				<FAST_SPIN>0,1,0</FAST_SPIN>
				<USE_FAST_SPIN>0</USE_FAST_SPIN>
			</DYNAMICS>
		</MODEL>
		<MODEL id="bip01 r horselink" type="dynamics_and_geometry" geometry="bip01 r horselink">
			<DYNAMICS>
				<MASS>0.01687948</MASS>
				<DENSITY>1</DENSITY>
				<MASS_OFFSET>0.2277296,9.528264e-009,1.742723e-008</MASS_OFFSET>
				<INERTIA>0.001,0,0,0.001,0,0.001</INERTIA>
				<LIN_DAMP>0</LIN_DAMP>
				<ANG_DAMP>0</ANG_DAMP>
				<FAST_SPIN>0,1,0</FAST_SPIN>
				<USE_FAST_SPIN>0</USE_FAST_SPIN>
			</DYNAMICS>
		</MODEL>
		<MODEL id="bip01 r thigh" type="dynamics_and_geometry" geometry="bip01 r thigh">
			<DYNAMICS>
				<MASS>0.02102376</MASS>
				<DENSITY>1</DENSITY>
				<MASS_OFFSET>0.3137215,-5.004911e-008,3.527814e-009</MASS_OFFSET>
				<INERTIA>0.001,0,0,0.00134356,0,0.00134356</INERTIA>
				<LIN_DAMP>0</LIN_DAMP>
				<ANG_DAMP>0</ANG_DAMP>
				<FAST_SPIN>0,1,0</FAST_SPIN>
				<USE_FAST_SPIN>0</USE_FAST_SPIN>
			</DYNAMICS>
		</MODEL>
		<MODEL id="bip01 r upperarm" type="dynamics_and_geometry" geometry="bip01 r upperarm">
			<DYNAMICS>
				<MASS>0.0199419</MASS>
				<DENSITY>1</DENSITY>
				<MASS_OFFSET>0.3126888,-9.890531e-009,-2.465653e-009</MASS_OFFSET>
				<INERTIA>0.001,0,0,0.001250885,0,0.001250885</INERTIA>
				<LIN_DAMP>0</LIN_DAMP>
				<ANG_DAMP>0</ANG_DAMP>
				<FAST_SPIN>0,1,0</FAST_SPIN>
				<USE_FAST_SPIN>0</USE_FAST_SPIN>
			</DYNAMICS>
		</MODEL>
		<MODEL id="bip01 spine" type="dynamics_and_geometry" geometry="bip01 spine">
			<DYNAMICS>
				<MASS>0.01</MASS>
				<DENSITY>1</DENSITY>
				<MASS_OFFSET>0.08002082,6.307039e-005,-1.987933e-007</MASS_OFFSET>
				<INERTIA>0.001,0,0,0.001,0,0.001</INERTIA>
				<LIN_DAMP>0</LIN_DAMP>
				<ANG_DAMP>0</ANG_DAMP>
				<FAST_SPIN>0,1,0</FAST_SPIN>
				<USE_FAST_SPIN>0</USE_FAST_SPIN>
			</DYNAMICS>
		</MODEL>
		<MODEL id="bip01 spine1" type="dynamics_and_geometry" geometry="bip01 spine1">
			<DYNAMICS>
				<MASS>0.01</MASS>
				<DENSITY>1</DENSITY>
				<MASS_OFFSET>0.08001985,6.293689e-005,3.150739e-009</MASS_OFFSET>
				<INERTIA>0.001,0,0,0.001,0,0.001</INERTIA>
				<LIN_DAMP>0</LIN_DAMP>
				<ANG_DAMP>0</ANG_DAMP>
				<FAST_SPIN>0,1,0</FAST_SPIN>
				<USE_FAST_SPIN>0</USE_FAST_SPIN>
			</DYNAMICS>
		</MODEL>
		<MODEL id="bip01 spine2" type="dynamics_and_geometry" geometry="bip01 spine2">
			<DYNAMICS>
				<MASS>0.05208127</MASS>
				<DENSITY>1</DENSITY>
				<MASS_OFFSET>0.08004806,3.995054e-005,4.863835e-009</MASS_OFFSET>
				<INERTIA>0.002288423,0,0,0.002494678,0,0.002494677</INERTIA>
				<LIN_DAMP>0</LIN_DAMP>
				<ANG_DAMP>0</ANG_DAMP>
				<FAST_SPIN>0,1,0</FAST_SPIN>
				<USE_FAST_SPIN>0</USE_FAST_SPIN>
			</DYNAMICS>
		</MODEL>
		<PART id="bip01" model="bip01">
			<TM>-1.341105e-007,-0.09950562,-0.995037,0,-1,1.353966e-006,-6.198166e-010,0,1.347308e-006,0.995037,-0.09950562,0,0.001281112,1.40523,0.2080303,1</TM>
		</PART>
		<PART id="bip01 head" model="bip01 head" parent="bip01 neck">
			<TM>0.01570042,0.9865085,-0.1629551,0,0.02096225,0.1626146,0.9864669,0,0.999657,-0.01890385,-0.01812632,0,-0.005206597,2.132267,0.2280347,1</TM>
		</PART>
		<PART id="bip01 l calf" model="bip01 l calf" parent="bip01 l thigh">
			<TM>-0.04363076,-0.3050203,0.9513459,0,-0.09432369,0.9492567,0.3000246,0,-0.994585,-0.07664415,-0.07018743,0,0.1829508,0.90419,-0.1536183,1</TM>
		</PART>
		<PART id="bip01 l clavicle" model="bip01 l clavicle" parent="bip01 neck">
			<TM>0.9618076,-0.131037,0.2403236,0,0.26559,0.2342736,-0.9351887,0,0.06624287,0.9632991,0.2601283,0,0.08589843,2.024925,0.2484094,1</TM>
		</PART>
		<PART id="bip01 l foot" model="bip01 l foot" parent="bip01 l horselink">
			<TM>-8.487868e-007,-0.9964929,-0.08367679,0,-0.04366307,-0.08359695,0.9955426,0,-0.9990463,0.003654431,-0.04350987,0,0.2014608,0.3021227,0.2415398,1</TM>
		</PART>
		<PART id="bip01 l forearm" model="bip01 l forearm" parent="bip01 l upperarm">
			<TM>0.2981285,-0.9096523,-0.2892268,0,-0.07196301,0.2807237,-0.957087,0,0.9518092,0.3061485,0.01823041,0,0.4557037,1.406429,0.3387365,1</TM>
		</PART>
		<PART id="bip01 l hand" model="bip01 l hand" parent="bip01 l forearm">
			<TM>0.2277056,-0.9151546,-0.3326294,0,0.9428008,0.2926235,-0.1596814,0,0.2434683,-0.2772429,0.9294405,0,0.5581188,1.093939,0.2393791,1</TM>
		</PART>
		<PART id="bip01 l horselink" model="bip01 l horselink" parent="bip01 l calf">
			<TM>0.0916544,-0.9652469,-0.2447407,0,-0.04899017,-0.2498485,0.9670448,0,-0.9945851,-0.07664402,-0.07018732,0,0.1597157,0.7417558,0.3530098,1</TM>
		</PART>
		<PART id="bip01 l thigh" model="bip01 l thigh" parent="bip01 pelvis">
			<TM>0.1034131,-0.7968938,-0.5952025,0,-0.01031313,-0.5992378,0.8005046,0,-0.994585,-0.07664423,-0.07018749,0,0.1180648,1.404197,0.2198391,1</TM>
		</PART>
		<PART id="bip01 l upperarm" model="bip01 l upperarm" parent="bip01 l clavicle">
			<TM>0.3041283,-0.9498551,0.07267263,0,0.03956491,-0.06362607,-0.9971892,0,0.9518091,0.3061488,0.01823044,0,0.2655066,2.000455,0.2932881,1</TM>
		</PART>
		<PART id="bip01 neck" model="bip01 neck" parent="bip01 spine2">
			<TM>-0.01026948,0.9829344,-0.1836696,0,-0.004430675,0.1836328,0.9829849,0,0.9999375,0.01090852,0.002469251,0,-0.004075004,2.023959,0.2482734,1</TM>
		</PART>
		<PART id="bip01 pelvis" model="bip01 pelvis" parent="bip01">
			<TM>4.639893e-009,0.995037,-0.09950568,0,-1.296058e-006,0.09950568,0.995037,0,1,1.243483e-007,1.290088e-006,0,0.001280449,1.404198,0.2198388,1</TM>
		</PART>
		<PART id="bip01 r calf" model="bip01 r calf" parent="bip01 r thigh">
			<TM>0.0436297,-0.3050187,0.9513465,0,0.09432632,0.949257,0.3000229,0,-0.9945849,0.0766471,0.07018709,0,-0.1803912,0.9041911,-0.1536177,1</TM>
		</PART>
		<PART id="bip01 r clavicle" model="bip01 r clavicle" parent="bip01 neck">
			<TM>-0.959896,-0.1520038,0.2355727,0,-0.2660115,0.2284734,-0.9365029,0,0.08852992,-0.9616105,-0.2597455,0,-0.09404763,2.022961,0.2479646,1</TM>
		</PART>
		<PART id="bip01 r foot" model="bip01 r foot" parent="bip01 r horselink">
			<TM>-1.416654e-006,-0.9964931,-0.08367498,0,0.0436627,-0.08359525,0.9955428,0,-0.9990463,-0.003652066,0.0435097,0,-0.198903,0.302125,0.2415427,1</TM>
		</PART>
		<PART id="bip01 r forearm" model="bip01 r forearm" parent="bip01 r upperarm">
			<TM>-0.2868969,-0.8677845,-0.4057588,0,0.1084039,0.3914347,-0.9137983,0,0.9518082,-0.3061518,-0.01823017,0,-0.4634987,1.400549,0.337404,1</TM>
		</PART>
		<PART id="bip01 r hand" model="bip01 r hand" parent="bip01 r forearm">
			<TM>0.1639377,-0.9192296,-0.3579682,0,-0.9515193,-0.05161278,-0.3032278,0,0.2602603,0.3903242,-0.883126,0,-0.5620559,1.10244,0.198014,1</TM>
		</PART>
		<PART id="bip01 r horselink" model="bip01 r horselink" parent="bip01 r calf">
			<TM>-0.09165725,-0.9652468,-0.2447398,0,0.04898925,-0.2498476,0.9670451,0,-0.9945848,0.07664707,0.07018706,0,-0.1571567,0.7417566,0.353012,1</TM>
		</PART>
		<PART id="bip01 r thigh" model="bip01 r thigh" parent="bip01 pelvis">
			<TM>-0.1034151,-0.7968934,-0.5952026,0,0.01031102,-0.5992379,0.8005046,0,-0.9945848,0.07664713,0.07018705,0,-0.115504,1.404198,0.2198397,1</TM>
		</PART>
		<PART id="bip01 r upperarm" model="bip01 r upperarm" parent="bip01 r clavicle">
			<TM>-0.3041315,-0.9498541,0.07267215,0,-0.0395648,-0.06362555,-0.9971893,0,0.9518081,-0.3061519,-0.01823025,0,-0.2732989,1.994575,0.2919558,1</TM>
		</PART>
		<PART id="bip01 spine" model="bip01 spine" parent="bip01 pelvis">
			<TM>-0.01119404,0.9982419,-0.05820469,0,-6.110606e-006,0.05820827,0.9983045,0,0.9999374,0.01117542,-0.0006454861,0,0.001280661,1.549324,0.2054548,1</TM>
		</PART>
		<PART id="bip01 spine1" model="bip01 spine1" parent="bip01 spine">
			<TM>-0.01107892,0.9963714,0.08438803,0,-0.001539629,-0.0844101,0.9964299,0,0.9999375,0.01090944,0.002469215,0,-0.0005112426,1.709092,0.1962654,1</TM>
		</PART>
		<PART id="bip01 spine2" model="bip01 spine2" parent="bip01 spine1">
			<TM>-0.01118361,0.9708995,0.2392262,0,0.000212451,-0.2392388,0.9709607,0,0.9999375,0.01090967,0.002469285,0,-0.002284546,1.868541,0.2098961,1</TM>
		</PART>
		<NO_COLLISION part1="bip01" part2="bip01 pelvis"></NO_COLLISION>
		<NO_COLLISION part1="bip01 head" part2="bip01 neck"></NO_COLLISION>
		<NO_COLLISION part1="bip01 head" part2="bip01 spine2"></NO_COLLISION>
		<NO_COLLISION part1="bip01 l calf" part2="bip01 l horselink"></NO_COLLISION>
		<NO_COLLISION part1="bip01 l calf" part2="bip01 l thigh"></NO_COLLISION>
		<NO_COLLISION part1="bip01 l clavicle" part2="bip01 l upperarm"></NO_COLLISION>
		<NO_COLLISION part1="bip01 l clavicle" part2="bip01 neck"></NO_COLLISION>
		<NO_COLLISION part1="bip01 l foot" part2="bip01 l horselink"></NO_COLLISION>
		<NO_COLLISION part1="bip01 l forearm" part2="bip01 l hand"></NO_COLLISION>
		<NO_COLLISION part1="bip01 l forearm" part2="bip01 l upperarm"></NO_COLLISION>
		<NO_COLLISION part1="bip01 l thigh" part2="bip01 pelvis"></NO_COLLISION>
		<NO_COLLISION part1="bip01 l thigh" part2="bip01 r thigh"></NO_COLLISION>
		<NO_COLLISION part1="bip01 l thigh" part2="bip01 spine"></NO_COLLISION>
		<NO_COLLISION part1="bip01 l upperarm" part2="bip01 spine2"></NO_COLLISION>
		<NO_COLLISION part1="bip01 neck" part2="bip01 r clavicle"></NO_COLLISION>
		<NO_COLLISION part1="bip01 neck" part2="bip01 spine2"></NO_COLLISION>
		<NO_COLLISION part1="bip01 pelvis" part2="bip01 r thigh"></NO_COLLISION>
		<NO_COLLISION part1="bip01 pelvis" part2="bip01 spine"></NO_COLLISION>
		<NO_COLLISION part1="bip01 r calf" part2="bip01 r horselink"></NO_COLLISION>
		<NO_COLLISION part1="bip01 r calf" part2="bip01 r thigh"></NO_COLLISION>
		<NO_COLLISION part1="bip01 r clavicle" part2="bip01 r upperarm"></NO_COLLISION>
		<NO_COLLISION part1="bip01 r clavicle" part2="bip01 spine2"></NO_COLLISION>
		<NO_COLLISION part1="bip01 r foot" part2="bip01 r horselink"></NO_COLLISION>
		<NO_COLLISION part1="bip01 r forearm" part2="bip01 r hand"></NO_COLLISION>
		<NO_COLLISION part1="bip01 r forearm" part2="bip01 r upperarm"></NO_COLLISION>
		<NO_COLLISION part1="bip01 r thigh" part2="bip01 spine"></NO_COLLISION>
		<NO_COLLISION part1="bip01 r upperarm" part2="bip01 spine2"></NO_COLLISION>
		<NO_COLLISION part1="bip01 spine" part2="bip01 spine1"></NO_COLLISION>
		<NO_COLLISION part1="bip01 spine" part2="bip01 spine2"></NO_COLLISION>
		<NO_COLLISION part1="bip01 spine1" part2="bip01 spine2"></NO_COLLISION>
		<JOINT id="bip01 head" part1="bip01 head" part2="bip01 neck" type="skeletal">
			<CONE_TYPE>2</CONE_TYPE>
			<CONE_HALF_ANGLE_X>0.1947189</CONE_HALF_ANGLE_X>
			<CONE_HALF_ANGLE_Y>0.3084415</CONE_HALF_ANGLE_Y>
			<CONE_STIFFNESS>1000</CONE_STIFFNESS>
			<CONE_DAMPING>1</CONE_DAMPING>
			<TWIST_TYPE>2</TWIST_TYPE>
			<TWIST_HALF_ANGLE>1.570796</TWIST_HALF_ANGLE>
			<TWIST_STIFFNESS>1000</TWIST_STIFFNESS>
			<TWIST_DAMPING>1</TWIST_DAMPING>
			<POS1>0,0,0</POS1>
			<POS2>0.1101884,-4.783633e-007,-1.80905e-008</POS2>
			<PRIMARY_AXIS1>1,0,0</PRIMARY_AXIS1>
			<PRIMARY_AXIS2>0.9994425,0.02090335,0.02605843</PRIMARY_AXIS2>
			<ORTHOGONAL_AXIS1>0,1,0</ORTHOGONAL_AXIS1>
			<ORTHOGONAL_AXIS2>-0.02155982,0.9994515,0.02517068</ORTHOGONAL_AXIS2>
		</JOINT>
		<JOINT id="bip01 l calf" part1="bip01 l calf" part2="bip01 l thigh" type="hinge">
			<HIGH_LIMIT>0.9212703</HIGH_LIMIT>
			<LOW_LIMIT>-0.04929238</LOW_LIMIT>
			<HIGH_STIFFNESS>1000</HIGH_STIFFNESS>
			<LOW_STIFFNESS>1000</LOW_STIFFNESS>
			<LIMITED>1</LIMITED>
			<MOTORIZED>0</MOTORIZED>
			<DES_VEL>1</DES_VEL>
			<MAX_FORCE>1000</MAX_FORCE>
			<POS1>0,0,0</POS1>
			<POS2>0.6274456,-2.138325e-007,1.160964e-007</POS2>
			<PRIMARY_AXIS1>7.993606e-015,-1.192093e-007,1</PRIMARY_AXIS1>
			<PRIMARY_AXIS2>2.584632e-008,2.162458e-008,0.9999998</PRIMARY_AXIS2>
			<ORTHOGONAL_AXIS1>1,6.273137e-008,-5.960464e-008</ORTHOGONAL_AXIS1>
			<ORTHOGONAL_AXIS2>-0.3276868,0.9447865,-9.739053e-008</ORTHOGONAL_AXIS2>
		</JOINT>
		<JOINT id="bip01 l clavicle" part1="bip01 l clavicle" part2="bip01 neck" type="skeletal">
			<CONE_TYPE>2</CONE_TYPE>
			<CONE_HALF_ANGLE_X>0.5674064</CONE_HALF_ANGLE_X>
			<CONE_HALF_ANGLE_Y>0.3293355</CONE_HALF_ANGLE_Y>
			<CONE_STIFFNESS>1000</CONE_STIFFNESS>
			<CONE_DAMPING>1</CONE_DAMPING>
			<TWIST_TYPE>2</TWIST_TYPE>
			<TWIST_HALF_ANGLE>1.570796</TWIST_HALF_ANGLE>
			<TWIST_STIFFNESS>1000</TWIST_STIFFNESS>
			<TWIST_DAMPING>1</TWIST_DAMPING>
			<POS1>0,0,0</POS1>
			<POS2>1.902396e-007,-8.769377e-005,0.08997869</POS2>
			<PRIMARY_AXIS1>1,0,0</PRIMARY_AXIS1>
			<PRIMARY_AXIS2>-0.1828183,0.2079105,0.9609119</PRIMARY_AXIS2>
			<ORTHOGONAL_AXIS1>0,1,0</ORTHOGONAL_AXIS1>
			<ORTHOGONAL_AXIS2>0.3993142,-0.8774335,0.2658198</ORTHOGONAL_AXIS2>
		</JOINT>
		<JOINT id="bip01 l foot" part1="bip01 l foot" part2="bip01 l horselink" type="hinge">
			<HIGH_LIMIT>-0.7067533</HIGH_LIMIT>
			<LOW_LIMIT>-0.9787871</LOW_LIMIT>
			<HIGH_STIFFNESS>1000</HIGH_STIFFNESS>
			<LOW_STIFFNESS>1000</LOW_STIFFNESS>
			<LIMITED>1</LIMITED>
			<MOTORIZED>0</MOTORIZED>
			<DES_VEL>1</DES_VEL>
			<MAX_FORCE>1000</MAX_FORCE>
			<POS1>0,0,0</POS1>
			<POS2>0.4554619,2.836903e-008,2.650415e-008</POS2>
			<PRIMARY_AXIS1>7.993606e-015,-1.192093e-007,1</PRIMARY_AXIS1>
			<PRIMARY_AXIS2>-0.08444579,0.005954254,0.9964099</PRIMARY_AXIS2>
			<ORTHOGONAL_AXIS1>1,6.273137e-008,-5.960464e-008</ORTHOGONAL_AXIS1>
			<ORTHOGONAL_AXIS2>0.982341,0.1680531,0.08224907</ORTHOGONAL_AXIS2>
		</JOINT>
		<JOINT id="bip01 l forearm" part1="bip01 l forearm" part2="bip01 l upperarm" type="hinge">
			<HIGH_LIMIT>1.570796</HIGH_LIMIT>
			<LOW_LIMIT>-0.02324138</LOW_LIMIT>
			<HIGH_STIFFNESS>1000</HIGH_STIFFNESS>
			<LOW_STIFFNESS>1000</LOW_STIFFNESS>
			<LIMITED>1</LIMITED>
			<MOTORIZED>0</MOTORIZED>
			<DES_VEL>1</DES_VEL>
			<MAX_FORCE>1000</MAX_FORCE>
			<POS1>0,0,0</POS1>
			<POS2>0.6253859,-1.673851e-008,-4.940285e-007</POS2>
			<PRIMARY_AXIS1>7.993606e-015,-1.192093e-007,1</PRIMARY_AXIS1>
			<PRIMARY_AXIS2>2.814841e-007,-4.476729e-008,1.000001</PRIMARY_AXIS2>
			<ORTHOGONAL_AXIS1>1,6.273137e-008,-5.960464e-008</ORTHOGONAL_AXIS1>
			<ORTHOGONAL_AXIS2>0.933689,0.3580872,-4.254367e-007</ORTHOGONAL_AXIS2>
		</JOINT>
		<JOINT id="bip01 l hand" part1="bip01 l hand" part2="bip01 l forearm" type="hinge">
			<HIGH_LIMIT>-0.05964215</HIGH_LIMIT>
			<LOW_LIMIT>-0.5015793</LOW_LIMIT>
			<HIGH_STIFFNESS>1000</HIGH_STIFFNESS>
			<LOW_STIFFNESS>1000</LOW_STIFFNESS>
			<LIMITED>1</LIMITED>
			<MOTORIZED>0</MOTORIZED>
			<DES_VEL>1</DES_VEL>
			<MAX_FORCE>1000</MAX_FORCE>
			<POS1>0,0,0</POS1>
			<POS2>0.3435273,1.422034e-007,-5.549712e-008</POS2>
			<PRIMARY_AXIS1>7.993606e-015,-1.192093e-007,1</PRIMARY_AXIS1>
			<PRIMARY_AXIS2>0.05596042,-0.9849057,0.1638018</PRIMARY_AXIS2>
			<ORTHOGONAL_AXIS1>1,6.273137e-008,-5.960464e-008</ORTHOGONAL_AXIS1>
			<ORTHOGONAL_AXIS2>0.9965641,0.04506335,-0.06950496</ORTHOGONAL_AXIS2>
		</JOINT>
		<JOINT id="bip01 l horselink" part1="bip01 l horselink" part2="bip01 l calf" type="hinge">
			<HIGH_LIMIT>0.048153</HIGH_LIMIT>
			<LOW_LIMIT>-1.570796</LOW_LIMIT>
			<HIGH_STIFFNESS>1000</HIGH_STIFFNESS>
			<LOW_STIFFNESS>1000</LOW_STIFFNESS>
			<LIMITED>1</LIMITED>
			<MOTORIZED>0</MOTORIZED>
			<DES_VEL>1</DES_VEL>
			<MAX_FORCE>1000</MAX_FORCE>
			<POS1>0,0,0</POS1>
			<POS2>0.5325381,7.306226e-007,-4.623425e-008</POS2>
			<PRIMARY_AXIS1>7.993606e-015,-1.192093e-007,1</PRIMARY_AXIS1>
			<PRIMARY_AXIS2>-7.545369e-008,1.295376e-007,0.9999997</PRIMARY_AXIS2>
			<ORTHOGONAL_AXIS1>1,6.273137e-008,-5.960464e-008</ORTHOGONAL_AXIS1>
			<ORTHOGONAL_AXIS2>0.05758793,-0.9983407,1.017521e-007</ORTHOGONAL_AXIS2>
		</JOINT>
		<JOINT id="bip01 l thigh" part1="bip01 l thigh" part2="bip01 pelvis" type="skeletal">
			<CONE_TYPE>2</CONE_TYPE>
			<CONE_HALF_ANGLE_X>0.7853982</CONE_HALF_ANGLE_X>
			<CONE_HALF_ANGLE_Y>0.4606257</CONE_HALF_ANGLE_Y>
			<CONE_STIFFNESS>1000</CONE_STIFFNESS>
			<CONE_DAMPING>1</CONE_DAMPING>
			<TWIST_TYPE>2</TWIST_TYPE>
			<TWIST_HALF_ANGLE>1.570796</TWIST_HALF_ANGLE>
			<TWIST_STIFFNESS>1000</TWIST_STIFFNESS>
			<TWIST_DAMPING>1</TWIST_DAMPING>
			<POS1>0,0,0</POS1>
			<POS2>-2.431489e-007,7.334139e-008,0.1167844</POS2>
			<PRIMARY_AXIS1>1,0,0</PRIMARY_AXIS1>
			<PRIMARY_AXIS2>-0.7337129,-0.6715442,0.1034122</PRIMARY_AXIS2>
			<ORTHOGONAL_AXIS1>0,1,0</ORTHOGONAL_AXIS1>
			<ORTHOGONAL_AXIS2>-0.6759186,0.7369043,-0.01031218</ORTHOGONAL_AXIS2>
		</JOINT>
		<JOINT id="bip01 l upperarm" part1="bip01 l upperarm" part2="bip01 l clavicle" type="skeletal">
			<CONE_TYPE>2</CONE_TYPE>
			<CONE_HALF_ANGLE_X>1.002096</CONE_HALF_ANGLE_X>
			<CONE_HALF_ANGLE_Y>0.7853982</CONE_HALF_ANGLE_Y>
			<CONE_STIFFNESS>1000</CONE_STIFFNESS>
			<CONE_DAMPING>1</CONE_DAMPING>
			<TWIST_TYPE>2</TWIST_TYPE>
			<TWIST_HALF_ANGLE>1.570796</TWIST_HALF_ANGLE>
			<TWIST_STIFFNESS>1000</TWIST_STIFFNESS>
			<TWIST_DAMPING>1</TWIST_DAMPING>
			<POS1>0,0,0</POS1>
			<POS2>0.1867404,-5.238286e-007,4.128935e-007</POS2>
			<PRIMARY_AXIS1>1,0,0</PRIMARY_AXIS1>
			<PRIMARY_AXIS2>0.4344444,-0.2097154,-0.8759447</PRIMARY_AXIS2>
			<ORTHOGONAL_AXIS1>0,1,0</ORTHOGONAL_AXIS1>
			<ORTHOGONAL_AXIS2>-0.193257,0.928163,-0.3180674</ORTHOGONAL_AXIS2>
		</JOINT>
		<JOINT id="bip01 neck" part1="bip01 neck" part2="bip01 spine2" type="skeletal">
			<CONE_TYPE>2</CONE_TYPE>
			<CONE_HALF_ANGLE_X>0.7853982</CONE_HALF_ANGLE_X>
			<CONE_HALF_ANGLE_Y>0.7853982</CONE_HALF_ANGLE_Y>
			<CONE_STIFFNESS>1000</CONE_STIFFNESS>
			<CONE_DAMPING>1</CONE_DAMPING>
			<TWIST_TYPE>2</TWIST_TYPE>
			<TWIST_HALF_ANGLE>1.570796</TWIST_HALF_ANGLE>
			<TWIST_STIFFNESS>1000</TWIST_STIFFNESS>
			<TWIST_DAMPING>1</TWIST_DAMPING>
			<POS1>0,0,0</POS1>
			<POS2>0.1600964,8.042043e-005,-1.87929e-008</POS2>
			<PRIMARY_AXIS1>1,0,0</PRIMARY_AXIS1>
			<PRIMARY_AXIS2>0.9105073,-0.4134945,1.131654e-006</PRIMARY_AXIS2>
			<ORTHOGONAL_AXIS1>0,1,0</ORTHOGONAL_AXIS1>
			<ORTHOGONAL_AXIS2>0.4134945,0.9105074,2.473742e-007</ORTHOGONAL_AXIS2>
		</JOINT>
		<JOINT id="bip01 pelvis" part1="bip01 pelvis" part2="bip01" type="skeletal">
			<CONE_TYPE>2</CONE_TYPE>
			<CONE_HALF_ANGLE_X>0.3770803</CONE_HALF_ANGLE_X>
			<CONE_HALF_ANGLE_Y>0.300289</CONE_HALF_ANGLE_Y>
			<CONE_STIFFNESS>1000</CONE_STIFFNESS>
			<CONE_DAMPING>1</CONE_DAMPING>
			<TWIST_TYPE>2</TWIST_TYPE>
			<TWIST_HALF_ANGLE>1.570796</TWIST_HALF_ANGLE>
			<TWIST_STIFFNESS>1000</TWIST_STIFFNESS>
			<TWIST_DAMPING>1</TWIST_DAMPING>
			<POS1>0,0,0</POS1>
			<POS2>-0.0116472,6.620908e-007,-0.002202597</POS2>
			<PRIMARY_AXIS1>1,0,0</PRIMARY_AXIS1>
			<PRIMARY_AXIS2>5.930883e-008,1.342668e-006,1</PRIMARY_AXIS2>
			<ORTHOGONAL_AXIS1>0,1,0</ORTHOGONAL_AXIS1>
			<ORTHOGONAL_AXIS2>-1,1.430169e-006,5.930708e-008</ORTHOGONAL_AXIS2>
		</JOINT>
		<JOINT id="bip01 r calf" part1="bip01 r calf" part2="bip01 r thigh" type="hinge">
			<HIGH_LIMIT>0.7569691</HIGH_LIMIT>
			<LOW_LIMIT>-0.02321058</LOW_LIMIT>
			<HIGH_STIFFNESS>1000</HIGH_STIFFNESS>
			<LOW_STIFFNESS>1000</LOW_STIFFNESS>
			<LIMITED>1</LIMITED>
			<MOTORIZED>0</MOTORIZED>
			<DES_VEL>1</DES_VEL>
			<MAX_FORCE>1000</MAX_FORCE>
			<POS1>0,0,0</POS1>
			<POS2>0.627445,-5.01656e-007,-5.273187e-008</POS2>
			<PRIMARY_AXIS1>7.993606e-015,-1.192093e-007,1</PRIMARY_AXIS1>
			<PRIMARY_AXIS2>1.090097e-007,9.898756e-008,1</PRIMARY_AXIS2>
			<ORTHOGONAL_AXIS1>1,6.273137e-008,-5.960464e-008</ORTHOGONAL_AXIS1>
			<ORTHOGONAL_AXIS2>-0.3276886,0.944786,-1.09671e-007</ORTHOGONAL_AXIS2>
		</JOINT>
		<JOINT id="bip01 r clavicle" part1="bip01 r clavicle" part2="bip01 neck" type="skeletal">
			<CONE_TYPE>2</CONE_TYPE>
			<CONE_HALF_ANGLE_X>0.398955</CONE_HALF_ANGLE_X>
			<CONE_HALF_ANGLE_Y>0.2751596</CONE_HALF_ANGLE_Y>
			<CONE_STIFFNESS>1000</CONE_STIFFNESS>
			<CONE_DAMPING>1</CONE_DAMPING>
			<TWIST_TYPE>2</TWIST_TYPE>
			<TWIST_HALF_ANGLE>1.570796</TWIST_HALF_ANGLE>
			<TWIST_STIFFNESS>1000</TWIST_STIFFNESS>
			<TWIST_DAMPING>1</TWIST_DAMPING>
			<POS1>0,0,0</POS1>
			<POS2>-3.271399e-008,-8.818288e-005,-0.08997867</POS2>
			<PRIMARY_AXIS1>1,0,0</PRIMARY_AXIS1>
			<PRIMARY_AXIS2>-0.1828198,0.2079047,-0.9609128</PRIMARY_AXIS2>
			<ORTHOGONAL_AXIS1>0,1,0</ORTHOGONAL_AXIS1>
			<ORTHOGONAL_AXIS2>0.3993136,-0.8774352,-0.2658151</ORTHOGONAL_AXIS2>
		</JOINT>
		<JOINT id="bip01 r foot" part1="bip01 r foot" part2="bip01 r horselink" type="hinge">
			<HIGH_LIMIT>-0.7280083</HIGH_LIMIT>
			<LOW_LIMIT>-1.029129</LOW_LIMIT>
			<HIGH_STIFFNESS>1000</HIGH_STIFFNESS>
			<LOW_STIFFNESS>1000</LOW_STIFFNESS>
			<LIMITED>1</LIMITED>
			<MOTORIZED>0</MOTORIZED>
			<DES_VEL>1</DES_VEL>
			<MAX_FORCE>1000</MAX_FORCE>
			<POS1>0,0,0</POS1>
			<POS2>0.4554604,3.728691e-008,2.470993e-008</POS2>
			<PRIMARY_AXIS1>7.993606e-015,-1.192093e-007,1</PRIMARY_AXIS1>
			<PRIMARY_AXIS2>0.08444647,-0.005954345,0.9964103</PRIMARY_AXIS2>
			<ORTHOGONAL_AXIS1>1,6.273137e-008,-5.960464e-008</ORTHOGONAL_AXIS1>
			<ORTHOGONAL_AXIS2>0.9823406,0.168054,-0.08224984</ORTHOGONAL_AXIS2>
		</JOINT>
		<JOINT id="bip01 r forearm" part1="bip01 r forearm" part2="bip01 r upperarm" type="hinge">
			<HIGH_LIMIT>1.570796</HIGH_LIMIT>
			<LOW_LIMIT>-0.01337223</LOW_LIMIT>
			<HIGH_STIFFNESS>1000</HIGH_STIFFNESS>
			<LOW_STIFFNESS>1000</LOW_STIFFNESS>
			<LIMITED>1</LIMITED>
			<MOTORIZED>0</MOTORIZED>
			<DES_VEL>1</DES_VEL>
			<MAX_FORCE>1000</MAX_FORCE>
			<POS1>0,0,0</POS1>
			<POS2>0.6253874,3.685612e-008,2.406252e-007</POS2>
			<PRIMARY_AXIS1>7.993606e-015,-1.192093e-007,1</PRIMARY_AXIS1>
			<PRIMARY_AXIS2>8.762742e-008,-1.678177e-007,1</PRIMARY_AXIS2>
			<ORTHOGONAL_AXIS1>1,6.273137e-008,-5.960464e-008</ORTHOGONAL_AXIS1>
			<ORTHOGONAL_AXIS2>0.8820364,0.4711831,2.301595e-007</ORTHOGONAL_AXIS2>
		</JOINT>
		<JOINT id="bip01 r hand" part1="bip01 r hand" part2="bip01 r forearm" type="hinge">
			<HIGH_LIMIT>-0.03147177</HIGH_LIMIT>
			<LOW_LIMIT>-0.6233718</LOW_LIMIT>
			<HIGH_STIFFNESS>1000</HIGH_STIFFNESS>
			<LOW_STIFFNESS>1000</LOW_STIFFNESS>
			<LIMITED>1</LIMITED>
			<MOTORIZED>0</MOTORIZED>
			<DES_VEL>1</DES_VEL>
			<MAX_FORCE>1000</MAX_FORCE>
			<POS1>0,0,0</POS1>
			<POS2>0.3435288,2.352965e-007,7.878619e-008</POS2>
			<PRIMARY_AXIS1>7.993606e-015,-1.192093e-007,1</PRIMARY_AXIS1>
			<PRIMARY_AXIS2>-0.05504883,0.9879998,0.144319</PRIMARY_AXIS2>
			<ORTHOGONAL_AXIS1>1,6.273137e-008,-5.960464e-008</ORTHOGONAL_AXIS1>
			<ORTHOGONAL_AXIS2>0.8959095,-0.01493608,0.4439873</ORTHOGONAL_AXIS2>
		</JOINT>
		<JOINT id="bip01 r horselink" part1="bip01 r horselink" part2="bip01 r calf" type="hinge">
			<HIGH_LIMIT>0.03078037</HIGH_LIMIT>
			<LOW_LIMIT>-1.570796</LOW_LIMIT>
			<HIGH_STIFFNESS>1000</HIGH_STIFFNESS>
			<LOW_STIFFNESS>1000</LOW_STIFFNESS>
			<LIMITED>1</LIMITED>
			<MOTORIZED>0</MOTORIZED>
			<DES_VEL>1</DES_VEL>
			<MAX_FORCE>1000</MAX_FORCE>
			<POS1>0,0,0</POS1>
			<POS2>0.5325396,5.800343e-008,2.690988e-008</POS2>
			<PRIMARY_AXIS1>7.993606e-015,-1.192093e-007,1</PRIMARY_AXIS1>
			<PRIMARY_AXIS2>-1.450248e-007,-4.731703e-008,1</PRIMARY_AXIS2>
			<ORTHOGONAL_AXIS1>1,6.273137e-008,-5.960464e-008</ORTHOGONAL_AXIS1>
			<ORTHOGONAL_AXIS2>0.05758713,-0.9983406,-8.875637e-008</ORTHOGONAL_AXIS2>
		</JOINT>
		<JOINT id="bip01 r thigh" part1="bip01 r thigh" part2="bip01 pelvis" type="skeletal">
			<CONE_TYPE>2</CONE_TYPE>
			<CONE_HALF_ANGLE_X>0.7853982</CONE_HALF_ANGLE_X>
			<CONE_HALF_ANGLE_Y>0.491962</CONE_HALF_ANGLE_Y>
			<CONE_STIFFNESS>1000</CONE_STIFFNESS>
			<CONE_DAMPING>1</CONE_DAMPING>
			<TWIST_TYPE>2</TWIST_TYPE>
			<TWIST_HALF_ANGLE>1.570796</TWIST_HALF_ANGLE>
			<TWIST_STIFFNESS>1000</TWIST_STIFFNESS>
			<TWIST_DAMPING>1</TWIST_DAMPING>
			<POS1>0,0,0</POS1>
			<POS2>5.231037e-008,1.004734e-006,-0.1167844</POS2>
			<PRIMARY_AXIS1>1,0,0</PRIMARY_AXIS1>
			<PRIMARY_AXIS2>-0.7337124,-0.671544,-0.103416</PRIMARY_AXIS2>
			<ORTHOGONAL_AXIS1>0,1,0</ORTHOGONAL_AXIS1>
			<ORTHOGONAL_AXIS2>-0.6759187,0.7369042,0.01031198</ORTHOGONAL_AXIS2>
		</JOINT>
		<JOINT id="bip01 r upperarm" part1="bip01 r upperarm" part2="bip01 r clavicle" type="skeletal">
			<CONE_TYPE>2</CONE_TYPE>
			<CONE_HALF_ANGLE_X>0.909901</CONE_HALF_ANGLE_X>
			<CONE_HALF_ANGLE_Y>0.7853982</CONE_HALF_ANGLE_Y>
			<CONE_STIFFNESS>1000</CONE_STIFFNESS>
			<CONE_DAMPING>1</CONE_DAMPING>
			<TWIST_TYPE>2</TWIST_TYPE>
			<TWIST_HALF_ANGLE>1.570796</TWIST_HALF_ANGLE>
			<TWIST_STIFFNESS>1000</TWIST_STIFFNESS>
			<TWIST_DAMPING>1</TWIST_DAMPING>
			<POS1>0,0,0</POS1>
			<POS2>0.1867405,-4.503821e-007,7.010804e-007</POS2>
			<PRIMARY_AXIS1>1,0,0</PRIMARY_AXIS1>
			<PRIMARY_AXIS2>0.4534359,-0.2041719,0.8675894</PRIMARY_AXIS2>
			<ORTHOGONAL_AXIS1>0,1,0</ORTHOGONAL_AXIS1>
			<ORTHOGONAL_AXIS2>-0.1872613,0.9298595,0.3166961</ORTHOGONAL_AXIS2>
		</JOINT>
		<JOINT id="bip01 spine" part1="bip01 spine" part2="bip01 pelvis" type="skeletal">
			<CONE_TYPE>2</CONE_TYPE>
			<CONE_HALF_ANGLE_X>0.2626031</CONE_HALF_ANGLE_X>
			<CONE_HALF_ANGLE_Y>0.4435246</CONE_HALF_ANGLE_Y>
			<CONE_STIFFNESS>1000</CONE_STIFFNESS>
			<CONE_DAMPING>1</CONE_DAMPING>
			<TWIST_TYPE>2</TWIST_TYPE>
			<TWIST_HALF_ANGLE>1.570796</TWIST_HALF_ANGLE>
			<TWIST_STIFFNESS>1000</TWIST_STIFFNESS>
