<?xml version="1.0"?>

<KARMA ka_file_version="1.0">
	<ASSET id="Female" graphic="MercFemaleA.psk" scale="0.0096" mass_scale="1" length_scale="1">
		<GEOMETRY id="bip01 head">
			<PRIMITIVE id="bip01 head_1" type="sphere">
				<RADIUS>0.1349665</RADIUS>
				<TM>1,0,0,0,0,1,0,0,0,0,1,0,0.1192696,0.02983061,0.0007384277,1</TM>
			</PRIMITIVE>
		</GEOMETRY>
		<GEOMETRY id="bip01 l calf">
			<PRIMITIVE id="Part5" type="box">
				<DIMS>0.08,0.25,0.125</DIMS>
				<TM>1,0,0,0,0,1,0,0,0,0,1,0,0.6199999,-0.02,0,1</TM>
			</PRIMITIVE>
			<PRIMITIVE id="bip01 l calf_1" type="sphyl">
				<RADIUS>0.1056418</RADIUS>
				<HEIGHT>0.5555534</HEIGHT>
				<TM>1.312775e-008,-1,-0.0003553345,0,-4.446275e-008,0.0003553341,-0.9999998,0,1,2.931181e-008,-3.275166e-008,0,0.2777767,3.770519e-009,-3.535008e-009,1</TM>
			</PRIMITIVE>
		</GEOMETRY>
		<GEOMETRY id="bip01 l clavicle">
			<PRIMITIVE id="bip01 l clavicle_1" type="sphere">
				<RADIUS>0.06418185</RADIUS>
				<TM>1,0,0,0,0,1,0,0,0,0,1,0,0.1036099,0.007394475,0.03262728,1</TM>
			</PRIMITIVE>
		</GEOMETRY>
		<GEOMETRY id="bip01 l finger0">
			<PRIMITIVE id="bip01 l finger0_1" type="sphyl">
				<RADIUS>0.03259169</RADIUS>
				<HEIGHT>0.04862343</HEIGHT>
				<TM>-1.153381e-006,-0.9998263,0.01862723,0,1.29873e-007,-0.01862717,-0.9998264,0,0.9999999,-1.449116e-006,1.446526e-007,0,0.02431171,-3.782904e-008,1.166982e-009,1</TM>
			</PRIMITIVE>
		</GEOMETRY>
		<GEOMETRY id="bip01 l foot">
			<PRIMITIVE id="bip01 l foot_1" type="sphyl">
				<RADIUS>0.07125455</RADIUS>
				<HEIGHT>0.2309975</HEIGHT>
				<TM>-0.6935193,-0.720438,1.088569e-006,0,-7.965029e-007,-7.37548e-007,-0.9999999,0,0.720438,-0.6935193,-6.447317e-008,0,0.0832097,-0.08010062,8.585983e-012,1</TM>
			</PRIMITIVE>
		</GEOMETRY>
		<GEOMETRY id="bip01 l forearm">
			<PRIMITIVE id="bip01 l forearm_1" type="sphyl">
				<RADIUS>0.07148936</RADIUS>
				<HEIGHT>0.299233</HEIGHT>
				<TM>-3.492948e-007,0.1267419,-0.9919357,0,-6.526239e-009,0.9919357,0.1267419,0,0.9999998,1.267898e-007,-5.41298e-007,0,0.1496164,1.877994e-008,-5.650818e-008,1</TM>
			</PRIMITIVE>
		</GEOMETRY>
		<GEOMETRY id="bip01 l hand">
			<PRIMITIVE id="bip01 l hand_1" type="sphyl">
				<RADIUS>0.05631578</RADIUS>
				<HEIGHT>0.08362864</HEIGHT>
				<TM>5.991447e-008,-0.9998409,0.01783121,0,9.028796e-008,-0.01783115,-0.999841,0,0.9999999,-2.126708e-007,8.174901e-008,0,0.0418143,1.043779e-008,-4.505878e-010,1</TM>
			</PRIMITIVE>
		</GEOMETRY>
		<GEOMETRY id="bip01 l thigh">
			<PRIMITIVE id="bip01 l thigh_1" type="sphyl">
				<RADIUS>0.104978</RADIUS>
				<HEIGHT>0.531918</HEIGHT>
				<TM>-4.729819e-008,-0.01509304,0.999886,0,-1.350527e-010,-0.9998862,-0.01509304,0,1,1.131122e-008,5.914042e-008,0,0.2659589,3.447687e-009,2.974823e-008,1</TM>
			</PRIMITIVE>
		</GEOMETRY>
		<GEOMETRY id="bip01 l toe0">
			<PRIMITIVE id="bip01 l toe0_1" type="sphyl">
				<RADIUS>0.05876916</RADIUS>
				<HEIGHT>0.1319761</HEIGHT>
				<TM>-2.916734e-008,-0.9999999,1.218636e-008,0,-7.047574e-008,-7.297097e-009,-0.9999999,0,0.9999999,-3.748174e-008,-6.849091e-008,0,0.06598802,-2.302966e-009,4.772323e-009,1</TM>
			</PRIMITIVE>
		</GEOMETRY>
		<GEOMETRY id="bip01 l upperarm">
			<PRIMITIVE id="bip01 l upperarm_1" type="sphyl">
				<RADIUS>0.07148936</RADIUS>
				<HEIGHT>0.3245791</HEIGHT>
				<TM>3.687709e-008,0.1246545,-0.9922001,0,-2.912814e-008,0.9922001,0.1246546,0,0.9999998,6.611108e-008,-1.633577e-007,0,0.1622896,1.744083e-008,-6.380657e-008,1</TM>
			</PRIMITIVE>
		</GEOMETRY>
		<GEOMETRY id="bip01 neck">
			<PRIMITIVE id="Part16" type="sphere">
				<RADIUS>0.1225532</RADIUS>
				<TM>1,0,0,0,0,1,0,0,0,0,1,0,0.1634043,0,0,1</TM>
			</PRIMITIVE>
		</GEOMETRY>
		<GEOMETRY id="bip01 pelvis">
			<PRIMITIVE id="bip01 pelvis_01" type="sphyl">
				<RADIUS>0.15</RADIUS>
				<HEIGHT>0.08</HEIGHT>
				<TM>1,0,0,0,0,1,0,0,0,0,1,0,0,0,0,1</TM>
			</PRIMITIVE>
		</GEOMETRY>
		<GEOMETRY id="bip01 r calf">
			<PRIMITIVE id="bip01 r calf_1" type="sphyl">
				<RADIUS>0.1056409</RADIUS>
				<HEIGHT>0.5555534</HEIGHT>
				<TM>-1.942547e-008,-0.9999999,0.0003584181,0,-6.108246e-008,-0.0003584186,-0.9999999,0,0.9999999,-2.088195e-008,-6.833996e-008,0,0.2777767,-1.239516e-008,-1.553036e-008,1</TM>
			</PRIMITIVE>
		</GEOMETRY>
		<GEOMETRY id="bip01 r clavicle">
			<PRIMITIVE id="bip01 r clavicle_1" type="sphere">
				<RADIUS>0.06418667</RADIUS>
				<TM>1,0,0,0,0,1,0,0,0,0,1,0,0.1021735,0.007209412,-0.0323388,1</TM>
			</PRIMITIVE>
		</GEOMETRY>
		<GEOMETRY id="bip01 r foot">
			<PRIMITIVE id="bip01 r foot_1" type="sphyl">
				<RADIUS>0.07125454</RADIUS>
				<HEIGHT>0.2309975</HEIGHT>
				<TM>-0.6935193,-0.720438,1.108788e-006,0,-7.989491e-007,-7.408161e-007,-1,0,0.7204381,-0.6935194,-7.92656e-008,0,0.08320969,-0.08010063,-1.561751e-008,1</TM>
			</PRIMITIVE>
		</GEOMETRY>
		<GEOMETRY id="bip01 r forearm">
			<PRIMITIVE id="bip01 r forearm_1" type="sphyl">
				<RADIUS>0.06014941</RADIUS>
				<HEIGHT>0.2992329</HEIGHT>
				<TM>3.802473e-008,-0.1267436,-0.9919355,0,-4.871519e-008,0.9919356,-0.1267436,0,0.9999999,1.584893e-007,1.909618e-007,0,0.1496165,2.439306e-008,1.11329e-007,1</TM>
			</PRIMITIVE>
		</GEOMETRY>
		<GEOMETRY id="bip01 r hand">
			<PRIMITIVE id="bip01 r hand_1" type="sphere">
				<RADIUS>0.0608464</RADIUS>
				<TM>1,0,0,0,0,1,0,0,0,0,1,0,0.05309197,0.006783073,0.007647551,1</TM>
			</PRIMITIVE>
		</GEOMETRY>
		<GEOMETRY id="bip01 r thigh">
			<PRIMITIVE id="bip01 r thigh_1" type="sphyl">
				<RADIUS>0.1092021</RADIUS>
				<HEIGHT>0.5319178</HEIGHT>
				<TM>2.50519e-008,0.01509614,0.999886,0,3.602096e-009,-0.999886,0.01509614,0,1,4.565086e-009,-3.947015e-008,0,0.2659589,1.511184e-009,-8.801105e-009,1</TM>
			</PRIMITIVE>
		</GEOMETRY>
		<GEOMETRY id="bip01 r toe0">
			<PRIMITIVE id="bip01 r toe0_1" type="sphyl">
				<RADIUS>0.05876916</RADIUS>
				<HEIGHT>0.1319761</HEIGHT>
				<TM>3.166533e-008,-0.9999999,3.686576e-008,0,-6.720747e-008,-9.74316e-009,-1,0,0.9999999,1.452813e-008,-6.418311e-008,0,0.06598803,1.28638e-009,5.688863e-009,1</TM>
			</PRIMITIVE>
		</GEOMETRY>
		<GEOMETRY id="bip01 r upperarm">
			<PRIMITIVE id="bip01 r upperarm_1" type="sphyl">
				<RADIUS>0.06290361</RADIUS>
				<HEIGHT>0.3245791</HEIGHT>
				<TM>2.612272e-008,-0.1246562,-0.9922,0,6.817613e-009,0.9922001,-0.1246562,0,0.9999999,3.842975e-008,1.952376e-007,0,0.1622896,1.641898e-008,1.201728e-007,1</TM>
			</PRIMITIVE>
		</GEOMETRY>
		<GEOMETRY id="bip01 spine">
			<PRIMITIVE id="bip01 spine_1" type="sphyl">
				<RADIUS>0.09345179</RADIUS>
				<HEIGHT>0.1379222</HEIGHT>
				<TM>-0.0007775503,0.9999998,-1.326302e-006,0,2.620832e-008,1.326661e-006,0.9999999,0,0.9999998,0.0007775503,-2.459785e-008,0,0.06896109,5.362639e-005,-1.679554e-009,1</TM>
			</PRIMITIVE>
		</GEOMETRY>
		<GEOMETRY id="bip01 spine1">
			<PRIMITIVE id="bip01 spine1_1" type="sphyl">
				<RADIUS>0.1374209</RADIUS>
				<HEIGHT>0.173617</HEIGHT>
				<TM>-0.0007482012,0.9999998,-1.306166e-006,0,-1.656899e-008,1.305912e-006,0.9999999,0,0.9999997,0.000748198,1.824455e-008,0,0.1098054,5.159806e-005,1.280532e-009,1</TM>
			</PRIMITIVE>
		</GEOMETRY>
		<GEOMETRY id="bip01 spine2">
			<PRIMITIVE id="bip01 spine2_1" type="sphyl">
				<RADIUS>0.09780234</RADIUS>
				<HEIGHT>0.1379732</HEIGHT>
				<TM>-0.0003914185,0.9999999,-1.400134e-006,0,3.637422e-008,1.399015e-006,0.9999999,0,0.9999999,0.0003914185,-3.451123e-008,0,0.06898662,2.69752e-005,-2.387767e-009,1</TM>
			</PRIMITIVE>
		</GEOMETRY>
		<MODEL id="bip01 l calf" type="dynamics_and_geometry" geometry="bip01 l calf">
			<DYNAMICS>
				<MASS>0.1396041</MASS>
				<DENSITY>1</DENSITY>
				<MASS_OFFSET>0.3095259,-0.001855463,-3.207054e-009</MASS_OFFSET>
				<INERTIA>0.001692585,8.042227e-005,2.290605e-010,0.007678248,3.457053e-012,0.008228273</INERTIA>
				<LIN_DAMP>0</LIN_DAMP>
				<ANG_DAMP>0</ANG_DAMP>
				<FAST_SPIN>0,1,0</FAST_SPIN>
				<USE_FAST_SPIN>0</USE_FAST_SPIN>
			</DYNAMICS>
		</MODEL>
		<MODEL id="bip01 l clavicle" type="dynamics_only" geometry="bip01 l clavicle">
			<DYNAMICS>
				<MASS>0.005737286</MASS>
				<DENSITY>1</DENSITY>
				<MASS_OFFSET>0.1036099,0.007394475,0.03262728</MASS_OFFSET>
				<INERTIA>9.453463e-006,0,0,9.453463e-006,0,9.453463e-006</INERTIA>
				<LIN_DAMP>0</LIN_DAMP>
				<ANG_DAMP>0</ANG_DAMP>
				<FAST_SPIN>0,1,0</FAST_SPIN>
				<USE_FAST_SPIN>0</USE_FAST_SPIN>
			</DYNAMICS>
		</MODEL>
		<MODEL id="bip01 l forearm" type="dynamics_and_geometry" geometry="bip01 l forearm">
			<DYNAMICS>
				<MASS>0.03286786</MASS>
				<DENSITY>1</DENSITY>
				<MASS_OFFSET>0.1496164,1.877994e-008,-5.650818e-008</MASS_OFFSET>
				<INERTIA>8.398932e-005,-1.318345e-011,1.168755e-010,0.0004696612,-4.886156e-013,0.0004696612</INERTIA>
				<LIN_DAMP>0</LIN_DAMP>
				<ANG_DAMP>0</ANG_DAMP>
				<FAST_SPIN>0,1,0</FAST_SPIN>
				<USE_FAST_SPIN>0</USE_FAST_SPIN>
			</DYNAMICS>
		</MODEL>
		<MODEL id="bip01 l thigh" type="dynamics_and_geometry" geometry="bip01 l thigh">
			<DYNAMICS>
				<MASS>0.1206669</MASS>
				<DENSITY>1</DENSITY>
				<MASS_OFFSET>0.2659589,3.447687e-009,2.974823e-008</MASS_OFFSET>
				<INERTIA>0.0006648977,1.166661e-011,-1.916303e-010,0.004883674,1.934793e-011,0.004883672</INERTIA>
				<LIN_DAMP>0</LIN_DAMP>
				<ANG_DAMP>0</ANG_DAMP>
				<FAST_SPIN>0,1,0</FAST_SPIN>
				<USE_FAST_SPIN>0</USE_FAST_SPIN>
			</DYNAMICS>
		</MODEL>
		<MODEL id="bip01 l upperarm" type="dynamics_and_geometry" geometry="bip01 l upperarm">
			<DYNAMICS>
				<MASS>0.03497612</MASS>
				<DENSITY>1</DENSITY>
				<MASS_OFFSET>0.1622896,1.744083e-008,-6.380657e-008</MASS_OFFSET>
				<INERTIA>8.937669e-005,-7.702517e-012,-3.712552e-011,0.0005600426,5.488038e-011,0.0005600427</INERTIA>
				<LIN_DAMP>0</LIN_DAMP>
				<ANG_DAMP>0</ANG_DAMP>
				<FAST_SPIN>0,1,0</FAST_SPIN>
				<USE_FAST_SPIN>0</USE_FAST_SPIN>
			</DYNAMICS>
		</MODEL>
		<MODEL id="bip01 neck" type="dynamics_and_geometry" geometry="bip01 neck">
			<DYNAMICS>
				<MASS>0.03994329</MASS>
				<DENSITY>1</DENSITY>
				<MASS_OFFSET>0.1634043,0,0</MASS_OFFSET>
				<INERTIA>0.0002399679,0,0,0.0002399679,0,0.0002399679</INERTIA>
				<LIN_DAMP>0</LIN_DAMP>
				<ANG_DAMP>0</ANG_DAMP>
				<FAST_SPIN>0,1,0</FAST_SPIN>
				<USE_FAST_SPIN>0</USE_FAST_SPIN>
			</DYNAMICS>
		</MODEL>
		<MODEL id="bip01 pelvis" type="dynamics_and_geometry" geometry="bip01 pelvis">
			<DYNAMICS>
				<MASS>0.1029912</MASS>
				<DENSITY>1</DENSITY>
				<MASS_OFFSET>0,0,0</MASS_OFFSET>
				<INERTIA>0.001258203,0,0,0.001258203,0,0.001158651</INERTIA>
				<LIN_DAMP>0</LIN_DAMP>
				<ANG_DAMP>0</ANG_DAMP>
				<FAST_SPIN>0,1,0</FAST_SPIN>
				<USE_FAST_SPIN>0</USE_FAST_SPIN>
			</DYNAMICS>
		</MODEL>
		<MODEL id="bip01 r calf" type="dynamics_and_geometry" geometry="bip01 l calf">
			<DYNAMICS>
				<MASS>0.1396041</MASS>
				<DENSITY>1</DENSITY>
				<MASS_OFFSET>0.3095259,-0.001855463,-3.207054e-009</MASS_OFFSET>
				<INERTIA>0.001692585,8.042227e-005,2.290605e-010,0.007678248,3.457053e-012,0.008228273</INERTIA>
				<LIN_DAMP>0</LIN_DAMP>
				<ANG_DAMP>0</ANG_DAMP>
				<FAST_SPIN>0,1,0</FAST_SPIN>
				<USE_FAST_SPIN>0</USE_FAST_SPIN>
			</DYNAMICS>
		</MODEL>
		<MODEL id="bip01 r clavicle" type="dynamics_only" geometry="bip01 r clavicle">
			<DYNAMICS>
				<MASS>0.005738579</MASS>
				<DENSITY>1</DENSITY>
				<MASS_OFFSET>0.1021735,0.007209412,-0.0323388</MASS_OFFSET>
				<INERTIA>9.457013e-006,0,0,9.457013e-006,0,9.457013e-006</INERTIA>
				<LIN_DAMP>0</LIN_DAMP>
				<ANG_DAMP>0</ANG_DAMP>
				<FAST_SPIN>0,1,0</FAST_SPIN>
				<USE_FAST_SPIN>0</USE_FAST_SPIN>
			</DYNAMICS>
		</MODEL>
		<MODEL id="bip01 r forearm" type="dynamics_and_geometry" geometry="bip01 l forearm">
			<DYNAMICS>
				<MASS>0.03286786</MASS>
				<DENSITY>1</DENSITY>
				<MASS_OFFSET>0.1496164,1.877994e-008,-5.650818e-008</MASS_OFFSET>
				<INERTIA>8.398932e-005,-1.318345e-011,1.168755e-010,0.0004696612,-4.886156e-013,0.0004696612</INERTIA>
				<LIN_DAMP>0</LIN_DAMP>
				<ANG_DAMP>0</ANG_DAMP>
				<FAST_SPIN>0,1,0</FAST_SPIN>
				<USE_FAST_SPIN>0</USE_FAST_SPIN>
			</DYNAMICS>
		</MODEL>
		<MODEL id="bip01 r thigh" type="dynamics_and_geometry" geometry="bip01 l thigh">
			<DYNAMICS>
				<MASS>0.1206669</MASS>
				<DENSITY>1</DENSITY>
				<MASS_OFFSET>0.2659589,3.447687e-009,2.974823e-008</MASS_OFFSET>
				<INERTIA>0.0006648977,1.166661e-011,-1.916303e-010,0.004883674,1.934793e-011,0.004883672</INERTIA>
				<LIN_DAMP>0</LIN_DAMP>
				<ANG_DAMP>0</ANG_DAMP>
				<FAST_SPIN>0,1,0</FAST_SPIN>
				<USE_FAST_SPIN>0</USE_FAST_SPIN>
			</DYNAMICS>
		</MODEL>
		<MODEL id="bip01 r upperarm" type="dynamics_and_geometry" geometry="bip01 l upperarm">
			<DYNAMICS>
				<MASS>0.03497612</MASS>
				<DENSITY>1</DENSITY>
				<MASS_OFFSET>0.1622896,1.744083e-008,-6.380657e-008</MASS_OFFSET>
				<INERTIA>8.937669e-005,-7.702517e-012,-3.712552e-011,0.0005600426,5.488038e-011,0.0005600427</INERTIA>
				<LIN_DAMP>0</LIN_DAMP>
				<ANG_DAMP>0</ANG_DAMP>
				<FAST_SPIN>0,1,0</FAST_SPIN>
				<USE_FAST_SPIN>0</USE_FAST_SPIN>
			</DYNAMICS>
		</MODEL>
		<MODEL id="bip01 spine" type="dynamics_only" geometry="bip01 spine">
			<DYNAMICS>
				<MASS>0.03742472</MASS>
				<DENSITY>1</DENSITY>
				<MASS_OFFSET>0.06896109,5.362639e-005,-1.679554e-009</MASS_OFFSET>
				<INERTIA>0.0001634196,-1.045831e-007,4.095526e-012,0.0002979228,1.038584e-013,0.0002979228</INERTIA>
				<LIN_DAMP>0</LIN_DAMP>
				<ANG_DAMP>0</ANG_DAMP>
				<FAST_SPIN>0,1,0</FAST_SPIN>
				<USE_FAST_SPIN>0</USE_FAST_SPIN>
			</DYNAMICS>
		</MODEL>
		<MODEL id="bip01 spine1" type="dynamics_and_geometry" geometry="bip01 spine1">
			<DYNAMICS>
				<MASS>0.110028</MASS>
				<DENSITY>1</DENSITY>
				<MASS_OFFSET>0.1098054,5.159806e-005,1.280532e-009</MASS_OFFSET>
				<INERTIA>0.001038912,-4.905166e-007,-7.465712e-012,0.001694502,-4.163176e-013,0.001694501</INERTIA>
				<LIN_DAMP>0</LIN_DAMP>
				<ANG_DAMP>0</ANG_DAMP>
				<FAST_SPIN>0,1,0</FAST_SPIN>
				<USE_FAST_SPIN>0</USE_FAST_SPIN>
			</DYNAMICS>
		</MODEL>
		<MODEL id="bip01 spine2" type="dynamics_only" geometry="bip01 spine2">
			<DYNAMICS>
				<MASS>0.04190699</MASS>
				<DENSITY>1</DENSITY>
				<MASS_OFFSET>0.06898662,2.69752e-005,-2.387767e-009</MASS_OFFSET>
				<INERTIA>0.0002004264,-5.982603e-008,6.126585e-012,0.0003532706,-3.980151e-013,0.0003532705</INERTIA>
				<LIN_DAMP>0</LIN_DAMP>
				<ANG_DAMP>0</ANG_DAMP>
				<FAST_SPIN>0,1,0</FAST_SPIN>
				<USE_FAST_SPIN>0</USE_FAST_SPIN>
			</DYNAMICS>
		</MODEL>
		<PART id="bip01 l calf" model="bip01 l calf" parent="bip01 l thigh">
			<TM>0.09213101,-0.982919,0.1593175,0,0.0003538677,0.1600303,0.987112,0,-0.9957469,-0.09088726,0.01509158,0,0.1580202,0.7181782,-0.007744672,1</TM>
		</PART>
		<PART id="bip01 l clavicle" model="bip01 l clavicle" parent="bip01 neck">
			<TM>0.9723226,-0.2315578,0.03114018,0,0.1254601,0.4050188,-0.9056597,0,0.1971002,0.8845003,0.4228602,0,0.05706768,1.771257,0.01902981,1</TM>
		</PART>
		<PART id="bip01 l forearm" model="bip01 l forearm" parent="bip01 l upperarm">
			<TM>0.822538,-0.5392184,-0.1807618,0,-0.2194406,-0.007692326,-0.9755955,0,0.5246686,0.8421309,-0.1246536,0,0.4456154,1.572811,0.02355723,1</TM>
		</PART>
		<PART id="bip01 l thigh" model="bip01 l thigh" parent="bip01 pelvis">
			<TM>0.0911016,-0.9957406,0.01418325,0,0.01373816,0.01549779,0.9997855,0,-0.9957469,-0.09088721,0.01509152,0,0.1095616,1.247834,-0.01528902,1</TM>
		</PART>
		<PART id="bip01 l upperarm" model="bip01 l upperarm" parent="bip01 l clavicle">
			<TM>0.8489333,-0.5284927,0.0027981,0,-0.0635223,-0.1072909,-0.9921963,0,0.5246687,0.8421307,-0.1246539,0,0.1700751,1.744345,0.02264916,1</TM>
		</PART>
		<PART id="bip01 neck" model="bip01 neck" parent="bip01 spine2">
			<TM>1.129698e-007,0.9988564,-0.04781125,0,1.306019e-006,0.04781125,0.9988564,0,0.9999999,-1.75283e-007,-1.299124e-006,0,-0.0006229738,1.77126,0.01909015,1</TM>
		</PART>
		<PART id="bip01 pelvis" model="bip01 pelvis" parent="bip01">
			<TM>-1.193162e-006,0.9955531,-0.09420217,0,-2.84806e-006,0.09420217,0.9955531,0,1,1.45615e-006,2.722996e-006,0,-0.0006229476,1.247834,-0.01528957,1</TM>
		</PART>
		<PART id="bip01 r calf" model="bip01 r calf" parent="bip01 r thigh">
			<TM>-0.09213158,-0.982919,0.1593172,0,-0.0003569386,0.1600303,0.987112,0,-0.9957468,0.09088733,-0.01509469,0,-0.1592658,0.7181839,-0.007745197,1</TM>
		</PART>
		<PART id="bip01 r clavicle" model="bip01 r clavicle" parent="bip01 neck">
			<TM>-0.9723226,-0.2315582,0.03113743,0,-0.1254576,0.4050186,-0.9056602,0,0.1971018,-0.8845003,-0.4228595,0,-0.0583136,1.771257,0.0190307,1</TM>
		</PART>
		<PART id="bip01 r forearm" model="bip01 r forearm" parent="bip01 r upperarm">
			<TM>-0.8225399,-0.539215,-0.1807634,0,0.2194431,-0.007694308,-0.9755949,0,0.5246645,-0.842133,0.1246559,0,-0.4468611,1.572812,0.02355701,1</TM>
		</PART>
		<PART id="bip01 r thigh" model="bip01 r thigh" parent="bip01 pelvis">
			<TM>-0.09110188,-0.9957406,0.01418296,0,-0.01374137,0.01549779,0.9997855,0,-0.9957468,0.09088745,-0.01509471,0,-0.1108075,1.247834,-0.01528935,1</TM>
		</PART>
		<PART id="bip01 r upperarm" model="bip01 r upperarm" parent="bip01 r clavicle">
			<TM>-0.8489356,-0.5284889,0.002795435,0,0.06352504,-0.1072913,-0.9921961,0,0.5246646,-0.842133,0.1246557,0,-0.1713205,1.744345,0.02264983,1</TM>
		</PART>
		<PART id="bip01 spine" model="bip01 spine" parent="bip01 pelvis">
			<TM>2.737792e-007,0.9891418,-0.1469641,0,1.327868e-006,0.1469641,0.9891418,0,1,-4.659553e-007,-1.273214e-006,0,-0.0006229272,1.371289,-0.02686058,1</TM>
		</PART>
		<PART id="bip01 spine1" model="bip01 spine1" parent="bip01 spine">
			<TM>-7.471761e-008,0.9975041,0.07060903,0,1.304176e-006,-0.07060903,0.9975041,0,1,1.666177e-007,-1.295645e-006,0,-0.0006228928,1.507728,-0.04702438,1</TM>
		</PART>
		<PART id="bip01 spine2" model="bip01 spine2" parent="bip01 spine1">
			<TM>-4.991904e-007,0.9131974,0.4075175,0,1.381801e-006,-0.4075175,0.9131974,0,1,1.018968e-006,-1.058428e-006,0,-0.0006229003,1.645286,-0.03718424,1</TM>
		</PART>
		<NO_COLLISION part1="bip01 l calf" part2="bip01 l thigh"></NO_COLLISION>
		<NO_COLLISION part1="bip01 l clavicle" part2="bip01 l upperarm"></NO_COLLISION>
		<NO_COLLISION part1="bip01 l clavicle" part2="bip01 neck"></NO_COLLISION>
		<NO_COLLISION part1="bip01 l forearm" part2="bip01 l upperarm"></NO_COLLISION>
		<NO_COLLISION part1="bip01 l thigh" part2="bip01 pelvis"></NO_COLLISION>
		<NO_COLLISION part1="bip01 l upperarm" part2="bip01 spine1"></NO_COLLISION>
		<NO_COLLISION part1="bip01 neck" part2="bip01 r clavicle"></NO_COLLISION>
		<NO_COLLISION part1="bip01 neck" part2="bip01 spine1"></NO_COLLISION>
		<NO_COLLISION part1="bip01 neck" part2="bip01 spine2"></NO_COLLISION>
		<NO_COLLISION part1="bip01 pelvis" part2="bip01 r thigh"></NO_COLLISION>
		<NO_COLLISION part1="bip01 pelvis" part2="bip01 spine"></NO_COLLISION>
		<NO_COLLISION part1="bip01 pelvis" part2="bip01 spine1"></NO_COLLISION>
		<NO_COLLISION part1="bip01 r calf" part2="bip01 r thigh"></NO_COLLISION>
		<NO_COLLISION part1="bip01 r clavicle" part2="bip01 r upperarm"></NO_COLLISION>
		<NO_COLLISION part1="bip01 r forearm" part2="bip01 r upperarm"></NO_COLLISION>
		<NO_COLLISION part1="bip01 r upperarm" part2="bip01 spine1"></NO_COLLISION>
		<NO_COLLISION part1="bip01 spine" part2="bip01 spine1"></NO_COLLISION>
		<NO_COLLISION part1="bip01 spine1" part2="bip01 spine2"></NO_COLLISION>
		<JOINT id="bip01 l calf" part1="bip01 l calf" part2="bip01 l thigh" type="hinge">
			<HIGH_LIMIT>2.207875</HIGH_LIMIT>
			<LOW_LIMIT>-0.285011</LOW_LIMIT>
			<HIGH_STIFFNESS>800</HIGH_STIFFNESS>
			<LOW_STIFFNESS>800</LOW_STIFFNESS>
			<LIMITED>1</LIMITED>
			<MOTORIZED>0</MOTORIZED>
			<DES_VEL>1</DES_VEL>
			<MAX_FORCE>1000</MAX_FORCE>
			<POS1>0,0,0</POS1>
			<POS2>0.5319214,-3.439736e-008,2.808904e-007</POS2>
			<PRIMARY_AXIS1>7.993606e-015,-1.192093e-007,1</PRIMARY_AXIS1>
			<PRIMARY_AXIS2>6.534479e-008,-6.006759e-008,1</PRIMARY_AXIS2>
			<ORTHOGONAL_AXIS1>1,6.273137e-008,-5.960464e-008</ORTHOGONAL_AXIS1>
			<ORTHOGONAL_AXIS2>0.9893853,0.145316,-1.106348e-007</ORTHOGONAL_AXIS2>
		</JOINT>
		<JOINT id="bip01 l clavicle" part1="bip01 l clavicle" part2="bip01 neck" type="hinge">
			<HIGH_LIMIT>0.2843004</HIGH_LIMIT>
			<LOW_LIMIT>-0.2843004</LOW_LIMIT>
			<HIGH_STIFFNESS>1000</HIGH_STIFFNESS>
			<LOW_STIFFNESS>1000</LOW_STIFFNESS>
			<LIMITED>1</LIMITED>
			<MOTORIZED>0</MOTORIZED>
			<DES_VEL>1</DES_VEL>
			<MAX_FORCE>1000</MAX_FORCE>
			<POS1>0,0,0</POS1>
			<POS2>-7.980768e-008,-6.033642e-005,0.05769065</POS2>
			<PRIMARY_AXIS1>-8.940697e-008,1,0</PRIMARY_AXIS1>
			<PRIMARY_AXIS2>0.4478563,-0.8852593,0.1254611</PRIMARY_AXIS2>
			<ORTHOGONAL_AXIS1>0,-2.980232e-008,1</ORTHOGONAL_AXIS1>
			<ORTHOGONAL_AXIS2>0.8632712,0.4646658,0.1970995</ORTHOGONAL_AXIS2>
		</JOINT>
		<JOINT id="bip01 l forearm" part1="bip01 l forearm" part2="bip01 l upperarm" type="hinge">
			<HIGH_LIMIT>2.213338</HIGH_LIMIT>
			<LOW_LIMIT>-0.1670241</LOW_LIMIT>
			<HIGH_STIFFNESS>1000</HIGH_STIFFNESS>
			<LOW_STIFFNESS>1000</LOW_STIFFNESS>
			<LIMITED>1</LIMITED>
			<MOTORIZED>0</MOTORIZED>
			<DES_VEL>1</DES_VEL>
			<MAX_FORCE>1000</MAX_FORCE>
			<POS1>0,0,0</POS1>
			<POS2>0.3245723,1.051758e-007,5.330403e-008</POS2>
			<PRIMARY_AXIS1>7.993606e-015,-1.192093e-007,1</PRIMARY_AXIS1>
			<PRIMARY_AXIS2>-3.675256e-007,-3.392715e-007,0.9999998</PRIMARY_AXIS2>
			<ORTHOGONAL_AXIS1>1,6.273137e-008,-5.960464e-008</ORTHOGONAL_AXIS1>
			<ORTHOGONAL_AXIS2>0.9827467,0.1849549,5.422408e-008</ORTHOGONAL_AXIS2>
		</JOINT>
		<JOINT id="bip01 l thigh" part1="bip01 l thigh" part2="bip01 pelvis" type="skeletal">
			<CONE_TYPE>2</CONE_TYPE>
			<CONE_HALF_ANGLE_X>1.098882</CONE_HALF_ANGLE_X>
			<CONE_HALF_ANGLE_Y>0.9847183</CONE_HALF_ANGLE_Y>
			<CONE_STIFFNESS>800</CONE_STIFFNESS>
			<CONE_DAMPING>1</CONE_DAMPING>
			<TWIST_TYPE>2</TWIST_TYPE>
			<TWIST_HALF_ANGLE>1.570796</TWIST_HALF_ANGLE>
			<TWIST_STIFFNESS>1000</TWIST_STIFFNESS>
			<TWIST_DAMPING>1</TWIST_DAMPING>
			<POS1>0,0,0</POS1>
			<POS2>-2.271066e-007,2.375412e-007,0.1101846</POS2>
			<PRIMARY_AXIS1>0.819152,-0.5735765,0</PRIMARY_AXIS1>
			<PRIMARY_AXIS2>-0.7679593,-0.6370116,0.06674345</PRIMARY_AXIS2>
			<ORTHOGONAL_AXIS1>0.5735765,0.819152,0</ORTHOGONAL_AXIS1>
			<ORTHOGONAL_AXIS2>-0.6338708,0.7708271,0.06350882</ORTHOGONAL_AXIS2>
		</JOINT>
		<JOINT id="bip01 l upperarm" part1="bip01 l upperarm" part2="bip01 l clavicle" type="skeletal">
			<CONE_TYPE>2</CONE_TYPE>
			<CONE_HALF_ANGLE_X>1.042373</CONE_HALF_ANGLE_X>
			<CONE_HALF_ANGLE_Y>1.708335</CONE_HALF_ANGLE_Y>
			<CONE_STIFFNESS>1000</CONE_STIFFNESS>
			<CONE_DAMPING>1</CONE_DAMPING>
			<TWIST_TYPE>2</TWIST_TYPE>
			<TWIST_HALF_ANGLE>1.570796</TWIST_HALF_ANGLE>
			<TWIST_STIFFNESS>1000</TWIST_STIFFNESS>
			<TWIST_DAMPING>1</TWIST_DAMPING>
			<POS1>0,0,0</POS1>
			<POS2>0.1162241,1.322305e-007,5.148799e-007</POS2>
			<PRIMARY_AXIS1>0.7399422,0.258819,0.6208851</PRIMARY_AXIS1>
			<PRIMARY_AXIS2>0.8770979,0.4605476,0.1363617</PRIMARY_AXIS2>
			<ORTHOGONAL_AXIS1>-0.1982669,0.9659259,-0.1663657</ORTHOGONAL_AXIS1>
			<ORTHOGONAL_AXIS2>-0.3052273,0.7536492,-0.5821072</ORTHOGONAL_AXIS2>
		</JOINT>
		<JOINT id="bip01 neck" part1="bip01 neck" part2="bip01 spine2" type="hinge">
			<HIGH_LIMIT>0.5441688</HIGH_LIMIT>
			<LOW_LIMIT>-0.7076631</LOW_LIMIT>
			<HIGH_STIFFNESS>1000</HIGH_STIFFNESS>
			<LOW_STIFFNESS>1000</LOW_STIFFNESS>
			<LIMITED>1</LIMITED>
			<MOTORIZED>0</MOTORIZED>
			<DES_VEL>1</DES_VEL>
			<MAX_FORCE>1000</MAX_FORCE>
			<POS1>0,0,0</POS1>
			<POS2>0.137972,5.296614e-005,-4.652033e-009</POS2>
			<PRIMARY_AXIS1>7.993606e-015,-1.192093e-007,1</PRIMARY_AXIS1>
			<PRIMARY_AXIS2>-1.242403e-006,1.604608e-007,0.9999999</PRIMARY_AXIS2>
			<ORTHOGONAL_AXIS1>1,6.273137e-008,-5.960464e-008</ORTHOGONAL_AXIS1>
			<ORTHOGONAL_AXIS2>0.892669,-0.4507124,1.121772e-006</ORTHOGONAL_AXIS2>
		</JOINT>
		<JOINT id="bip01 r calf" part1="bip01 r calf" part2="bip01 r thigh" type="hinge">
			<HIGH_LIMIT>2.243468</HIGH_LIMIT>
			<LOW_LIMIT>-0.285011</LOW_LIMIT>
			<HIGH_STIFFNESS>800</HIGH_STIFFNESS>
			<LOW_STIFFNESS>800</LOW_STIFFNESS>
			<LIMITED>1</LIMITED>
			<MOTORIZED>0</MOTORIZED>
			<DES_VEL>1</DES_VEL>
			<MAX_FORCE>1000</MAX_FORCE>
			<POS1>0,0,0</POS1>
			<POS2>0.5319157,9.863482e-009,-2.25696e-007</POS2>
			<PRIMARY_AXIS1>7.993606e-015,-1.192093e-007,1</PRIMARY_AXIS1>
			<PRIMARY_AXIS2>1.512856e-007,-9.426031e-008,1</PRIMARY_AXIS2>
			<ORTHOGONAL_AXIS1>1,6.273137e-008,-5.960464e-008</ORTHOGONAL_AXIS1>
			<ORTHOGONAL_AXIS2>0.9893852,0.145316,-1.689963e-007</ORTHOGONAL_AXIS2>
		</JOINT>
		<JOINT id="bip01 r clavicle" part1="bip01 r clavicle" part2="bip01 neck" type="hinge">
			<HIGH_LIMIT>0.2843004</HIGH_LIMIT>
			<LOW_LIMIT>-0.2843004</LOW_LIMIT>
			<HIGH_STIFFNESS>1000</HIGH_STIFFNESS>
			<LOW_STIFFNESS>1000</LOW_STIFFNESS>
			<LIMITED>1</LIMITED>
			<MOTORIZED>0</MOTORIZED>
			<DES_VEL>1</DES_VEL>
			<MAX_FORCE>1000</MAX_FORCE>
			<POS1>0,0,0</POS1>
			<POS2>-1.354108e-007,-5.959779e-005,-0.05769062</POS2>
			<PRIMARY_AXIS1>-8.940697e-008,1,0</PRIMARY_AXIS1>
			<PRIMARY_AXIS2>0.4478561,-0.88526,-0.1254564</PRIMARY_AXIS2>
			<ORTHOGONAL_AXIS1>0,-2.980232e-008,1</ORTHOGONAL_AXIS1>
			<ORTHOGONAL_AXIS2>-0.8632712,-0.4646646,0.1971024</ORTHOGONAL_AXIS2>
		</JOINT>
		<JOINT id="bip01 r forearm" part1="bip01 r forearm" part2="bip01 r upperarm" type="hinge">
			<HIGH_LIMIT>2.208542</HIGH_LIMIT>
			<LOW_LIMIT>-0.1670241</LOW_LIMIT>
			<HIGH_STIFFNESS>1000</HIGH_STIFFNESS>
			<LOW_STIFFNESS>1000</LOW_STIFFNESS>
			<LIMITED>1</LIMITED>
			<MOTORIZED>0</MOTORIZED>
			<DES_VEL>1</DES_VEL>
			<MAX_FORCE>1000</MAX_FORCE>
			<POS1>0,0,0</POS1>
			<POS2>0.3245719,1.686047e-007,1.858451e-007</POS2>
			<PRIMARY_AXIS1>7.993606e-015,-1.192093e-007,1</PRIMARY_AXIS1>
			<PRIMARY_AXIS2>1.212843e-007,-2.793462e-007,0.9999997</PRIMARY_AXIS2>
			<ORTHOGONAL_AXIS1>1,6.273137e-008,-5.960464e-008</ORTHOGONAL_AXIS1>
			<ORTHOGONAL_AXIS2>0.982747,0.1849539,2.000377e-008</ORTHOGONAL_AXIS2>
		</JOINT>
		<JOINT id="bip01 r thigh" part1="bip01 r thigh" part2="bip01 pelvis" type="skeletal">
			<CONE_TYPE>2</CONE_TYPE>
			<CONE_HALF_ANGLE_X>1.027489</CONE_HALF_ANGLE_X>
			<CONE_HALF_ANGLE_Y>0.8739827</CONE_HALF_ANGLE_Y>
			<CONE_STIFFNESS>800</CONE_STIFFNESS>
			<CONE_DAMPING>1</CONE_DAMPING>
			<TWIST_TYPE>2</TWIST_TYPE>
			<TWIST_HALF_ANGLE>1.570796</TWIST_HALF_ANGLE>
			<TWIST_STIFFNESS>1000</TWIST_STIFFNESS>
			<TWIST_DAMPING>1</TWIST_DAMPING>
			<POS1>0,0,0</POS1>
			<POS2>6.697447e-008,5.360164e-007,-0.1101846</POS2>
			<PRIMARY_AXIS1>0.819152,-0.5735765,0</PRIMARY_AXIS1>
			<PRIMARY_AXIS2>-0.7679591,-0.6370113,-0.06674729</PRIMARY_AXIS2>
			<ORTHOGONAL_AXIS1>0.5735765,0.819152,0</ORTHOGONAL_AXIS1>
			<ORTHOGONAL_AXIS2>-0.6338706,0.7708272,-0.06350873</ORTHOGONAL_AXIS2>
		</JOINT>
		<JOINT id="bip01 r upperarm" part1="bip01 r upperarm" part2="bip01 r clavicle" type="skeletal">
			<CONE_TYPE>2</CONE_TYPE>
			<CONE_HALF_ANGLE_X>1.04553</CONE_HALF_ANGLE_X>
			<CONE_HALF_ANGLE_Y>1.774754</CONE_HALF_ANGLE_Y>
			<CONE_STIFFNESS>1000</CONE_STIFFNESS>
			<CONE_DAMPING>1</CONE_DAMPING>
			<TWIST_TYPE>2</TWIST_TYPE>
			<TWIST_HALF_ANGLE>1.570796</TWIST_HALF_ANGLE>
			<TWIST_STIFFNESS>1000</TWIST_STIFFNESS>
			<TWIST_DAMPING>1</TWIST_DAMPING>
			<POS1>0,0,0</POS1>
			<POS2>0.1162236,-4.118287e-008,-4.929037e-007</POS2>
			<PRIMARY_AXIS1>0.7198464,0.3420201,-0.6040228</PRIMARY_AXIS1>
			<PRIMARY_AXIS2>0.8471566,0.5244819,-0.08511241</PRIMARY_AXIS2>
			<ORTHOGONAL_AXIS1>-0.2620026,0.9396927,0.2198463</ORTHOGONAL_AXIS1>
			<ORTHOGONAL_AXIS2>-0.3805091,0.7106411,0.5917783</ORTHOGONAL_AXIS2>
		</JOINT>
		<JOINT id="bip01 spine" part1="bip01 spine" part2="bip01 pelvis" type="hinge">
			<HIGH_LIMIT>1.570796</HIGH_LIMIT>
			<LOW_LIMIT>-0.5957844</LOW_LIMIT>
			<HIGH_STIFFNESS>1000</HIGH_STIFFNESS>
			<LOW_STIFFNESS>1000</LOW_STIFFNESS>
			<LIMITED>1</LIMITED>
			<MOTORIZED>0</MOTORIZED>
			<DES_VEL>1</DES_VEL>
			<MAX_FORCE>1000</MAX_FORCE>
			<POS1>-0.09848079,-0.0173648,1.520758e-008</POS1>
			<POS2>0.02473176,-0.01199768,-1.9089e-008</POS2>
			<PRIMARY_AXIS1>-1.490116e-007,1.13896e-007,-1</PRIMARY_AXIS1>
			<PRIMARY_AXIS2>1.394356e-006,4.281159e-006,-1</PRIMARY_AXIS2>
			<ORTHOGONAL_AXIS1>0.996195,0.08715552,-1.09026e-007</ORTHOGONAL_AXIS1>
			<ORTHOGONAL_AXIS2>0.9994186,0.03410332,1.569039e-006</ORTHOGONAL_AXIS2>
		</JOINT>
		<JOINT id="bip01 spine1" part1="bip01 spine1" part2="bip01 spine" type="skeletal">
			<CONE_TYPE>2</CONE_TYPE>
			<CONE_HALF_ANGLE_X>0.164017</CONE_HALF_ANGLE_X>
			<CONE_HALF_ANGLE_Y>0.161269</CONE_HALF_ANGLE_Y>
			<CONE_STIFFNESS>1500</CONE_STIFFNESS>
			<CONE_DAMPING>1</CONE_DAMPING>
			<TWIST_TYPE>2</TWIST_TYPE>
			<TWIST_HALF_ANGLE>1.570796</TWIST_HALF_ANGLE>
			<TWIST_STIFFNESS>1000</TWIST_STIFFNESS>
			<TWIST_DAMPING>1</TWIST_DAMPING>
			<POS1>0,0,0</POS1>
			<POS2>0.1379204,0.0001067307,-3.483202e-009</POS2>
			<PRIMARY_AXIS1>0.9961947,-0.08715574,0</PRIMARY_AXIS1>
			<PRIMARY_AXIS2>0.9914449,0.1305262,-6.328582e-007</PRIMARY_AXIS2>
			<ORTHOGONAL_AXIS1>0.08715574,0.9961947,0</ORTHOGONAL_AXIS1>
			<ORTHOGONAL_AXIS2>-0.1305262,0.9914449,1.19293e-008</ORTHOGONAL_AXIS2>
		</JOINT>
		<JOINT id="bip01 spine2" part1="bip01 spine2" part2="bip01 spine1" type="skeletal">
			<CONE_TYPE>2</CONE_TYPE>
			<CONE_HALF_ANGLE_X>0.1530645</CONE_HALF_ANGLE_X>
			<CONE_HALF_ANGLE_Y>0.1530645</CONE_HALF_ANGLE_Y>
			<CONE_STIFFNESS>1000</CONE_STIFFNESS>
			<CONE_DAMPING>1</CONE_DAMPING>
			<TWIST_TYPE>2</TWIST_TYPE>
			<TWIST_HALF_ANGLE>1.570796</TWIST_HALF_ANGLE>
			<TWIST_STIFFNESS>1000</TWIST_STIFFNESS>
			<TWIST_DAMPING>1</TWIST_DAMPING>
			<POS1>0,0,0</POS1>
			<POS2>0.1379098,0.00010271,2.635265e-009</POS2>
			<PRIMARY_AXIS1>0.9396926,-0.3420201,0</PRIMARY_AXIS1>
			<PRIMARY_AXIS2>0.9999999,2.388075e-007,-8.669717e-007</PRIMARY_AXIS2>
			<ORTHOGONAL_AXIS1>0.3420201,0.9396926,0</ORTHOGONAL_AXIS1>
			<ORTHOGONAL_AXIS2>-2.432417e-007,0.9999999,-1.764411e-007</ORTHOGONAL_AXIS2>
		</JOINT>
	</ASSET>
	<ASSET id="Female2" graphic="MercFemaleA.psk" scale="0.0096" mass_scale="1" length_scale="1">
		<GEOMETRY id="bip01 head">
			<PRIMITIVE id="bip01 head_1" type="sphere">
				<RADIUS>0.1349665</RADIUS>
				<TM>1,0,0,0,0,1,0,0,0,0,1,0,0.1192696,0.02983061,0.0007384277,1</TM>
			</PRIMITIVE>
		</GEOMETRY>
		<GEOMETRY id="bip01 l calf">
			<PRIMITIVE id="Part9" type="box">
				<DIMS>0.125,0.3,0.125</DIMS>
				<TM>1,0,0,0,0,1,0,0,0,0,1,0,0.59,-0.04,0,1</TM>
			</PRIMITIVE>
			<PRIMITIVE id="bip01 l calf_1" type="sphyl">
				<RADIUS>0.1056418</RADIUS>
				<HEIGHT>0.5555534</HEIGHT>
				<TM>1.312775e-008,-1,-0.0003553345,0,-4.446275e-008,0.0003553341,-0.9999998,0,1,2.931181e-008,-3.275166e-008,0,0.2777767,3.770519e-009,-3.535008e-009,1</TM>
			</PRIMITIVE>
		</GEOMETRY>
		<GEOMETRY id="bip01 l clavicle">
			<PRIMITIVE id="bip01 l clavicle_1" type="sphere">
				<RADIUS>0.06418185</RADIUS>
				<TM>1,0,0,0,0,1,0,0,0,0,1,0,0.1036099,0.007394475,0.03262728,1</TM>
			</PRIMITIVE>
		</GEOMETRY>
		<GEOMETRY id="bip01 l finger0">
			<PRIMITIVE id="bip01 l finger0_1" type="sphyl">
				<RADIUS>0.03259169</RADIUS>
				<HEIGHT>0.04862343</HEIGHT>
				<TM>-1.153381e-006,-0.9998263,0.01862723,0,1.29873e-007,-0.01862717,-0.9998264,0,0.9999999,-1.449116e-006,1.446526e-007,0,0.02431171,-3.782904e-008,1.166982e-009,1</TM>
			</PRIMITIVE>
		</GEOMETRY>
		<GEOMETRY id="bip01 l foot">
			<PRIMITIVE id="bip01 l foot_1" type="sphyl">
				<RADIUS>0.07125455</RADIUS>
				<HEIGHT>0.2309975</HEIGHT>
				<TM>-0.6935193,-0.720438,1.088569e-006,0,-7.965029e-007,-7.37548e-007,-0.9999999,0,0.720438,-0.6935193,-6.447317e-008,0,0.0832097,-0.08010062,8.585983e-012,1</TM>
			</PRIMITIVE>
		</GEOMETRY>
		<GEOMETRY id="bip01 l forearm">
			<PRIMITIVE id="bip01 l forearm_1" type="sphyl">
				<RADIUS>0.07148936</RADIUS>
				<HEIGHT>0.299233</HEIGHT>
				<TM>-3.492948e-007,0.1267419,-0.9919357,0,-6.526239e-009,0.9919357,0.1267419,0,0.9999998,1.267898e-007,-5.41298e-007,0,0.1496164,1.877994e-008,-5.650818e-008,1</TM>
			</PRIMITIVE>
		</GEOMETRY>
		<GEOMETRY id="bip01 l hand">
			<PRIMITIVE id="bip01 l hand_1" type="sphyl">
				<RADIUS>0.05631578</RADIUS>
				<HEIGHT>0.08362864</HEIGHT>
				<TM>5.991447e-008,-0.9998409,0.01783121,0,9.028796e-008,-0.01783115,-0.999841,0,0.9999999,-2.126708e-007,8.174901e-008,0,0.0418143,1.043779e-008,-4.505878e-010,1</TM>
			</PRIMITIVE>
		</GEOMETRY>
		<GEOMETRY id="bip01 l thigh">
			<PRIMITIVE id="bip01 l thigh_1" type="sphyl">
				<RADIUS>0.104978</RADIUS>
				<HEIGHT>0.531918</HEIGHT>
				<TM>-4.729819e-008,-0.01509304,0.999886,0,-1.350527e-010,-0.9998862,-0.01509304,0,1,1.131122e-008,5.914042e-008,0,0.2659589,3.447687e-009,2.974823e-008,1</TM>
			</PRIMITIVE>
		</GEOMETRY>
		<GEOMETRY id="bip01 l toe0">
			<PRIMITIVE id="bip01 l toe0_1" type="sphyl">
				<RADIUS>0.05876916</RADIUS>
				<HEIGHT>0.1319761</HEIGHT>
				<TM>-2.916734e-008,-0.9999999,1.218636e-008,0,-7.047574e-008,-7.297097e-009,-0.9999999,0,0.9999999,-3.748174e-008,-6.849091e-008,0,0.06598802,-2.302966e-009,4.772323e-009,1</TM>
			</PRIMITIVE>
		</GEOMETRY>
		<GEOMETRY id="bip01 l upperarm">
			<PRIMITIVE id="bip01 l upperarm_1" type="sphyl">
				<RADIUS>0.07148936</RADIUS>
				<HEIGHT>0.3245791</HEIGHT>
				<TM>3.687709e-008,0.1246545,-0.9922001,0,-2.912814e-008,0.9922001,0.1246546,0,0.9999998,6.611108e-008,-1.633577e-007,0,0.1622896,1.744083e-008,-6.380657e-008,1</TM>
			</PRIMITIVE>
		</GEOMETRY>
		<GEOMETRY id="bip01 neck">
			<PRIMITIVE id="Part16" type="sphere">
				<RADIUS>0.1225532</RADIUS>
				<TM>1,0,0,0,0,1,0,0,0,0,1,0,0.1634043,0,0,1</TM>
			</PRIMITIVE>
		</GEOMETRY>
		<GEOMETRY id="bip01 pelvis">
			<PRIMITIVE id="bip01 pelvis_1" type="sphyl">
				<RADIUS>0.12</RADIUS>
				<HEIGHT>0.16</HEIGHT>
				<TM>1,0,0,0,0,1,0,0,0,0,1,0,0.025,0.05,0,1</TM>
			</PRIMITIVE>
		</GEOMETRY>
		<GEOMETRY id="bip01 r calf">
			<PRIMITIVE id="bip01 r calf_1" type="sphyl">
				<RADIUS>0.1056409</RADIUS>
				<HEIGHT>0.5555534</HEIGHT>
				<TM>-1.942547e-008,-0.9999999,0.0003584181,0,-6.108246e-008,-0.0003584186,-0.9999999,0,0.9999999,-2.088195e-008,-6.833996e-008,0,0.2777767,-1.239516e-008,-1.553036e-008,1</TM>
			</PRIMITIVE>
		</GEOMETRY>
		<GEOMETRY id="bip01 r clavicle">
			<PRIMITIVE id="bip01 r clavicle_1" type="sphere">
				<RADIUS>0.06418667</RADIUS>
				<TM>1,0,0,0,0,1,0,0,0,0,1,0,0.1021735,0.007209412,-0.0323388,1</TM>
			</PRIMITIVE>
		</GEOMETRY>
		<GEOMETRY id="bip01 r foot">
			<PRIMITIVE id="bip01 r foot_1" type="sphyl">
				<RADIUS>0.07125454</RADIUS>
				<HEIGHT>0.2309975</HEIGHT>
				<TM>-0.6935193,-0.720438,1.108788e-006,0,-7.989491e-007,-7.408161e-007,-1,0,0.7204381,-0.6935194,-7.92656e-008,0,0.08320969,-0.08010063,-1.561751e-008,1</TM>
			</PRIMITIVE>
		</GEOMETRY>
		<GEOMETRY id="bip01 r forearm">
			<PRIMITIVE id="bip01 r forearm_1" type="sphyl">
				<RADIUS>0.06014941</RADIUS>
				<HEIGHT>0.2992329</HEIGHT>
				<TM>3.802473e-008,-0.1267436,-0.9919355,0,-4.871519e-008,0.9919356,-0.1267436,0,0.9999999,1.584893e-007,1.909618e-007,0,0.1496165,2.439306e-008,1.11329e-007,1</TM>
			</PRIMITIVE>
		</GEOMETRY>
		<GEOMETRY id="bip01 r hand">
			<PRIMITIVE id="bip01 r hand_1" type="sphere">
				<RADIUS>0.0608464</RADIUS>
				<TM>1,0,0,0,0,1,0,0,0,0,1,0,0.05309197,0.006783073,0.007647551,1</TM>
			</PRIMITIVE>
		</GEOMETRY>
		<GEOMETRY id="bip01 r thigh">
			<PRIMITIVE id="bip01 r thigh_1" type="sphyl">
				<RADIUS>0.1092021</RADIUS>
				<HEIGHT>0.5319178</HEIGHT>
				<TM>2.50519e-008,0.01509614,0.999886,0,3.602096e-009,-0.999886,0.01509614,0,1,4.565086e-009,-3.947015e-008,0,0.2659589,1.511184e-009,-8.801105e-009,1</TM>
			</PRIMITIVE>
		</GEOMETRY>
		<GEOMETRY id="bip01 r toe0">
			<PRIMITIVE id="bip01 r toe0_1" type="sphyl">
				<RADIUS>0.05876916</RADIUS>
				<HEIGHT>0.1319761</HEIGHT>
				<TM>3.166533e-008,-0.9999999,3.686576e-008,0,-6.720747e-008,-9.74316e-009,-1,0,0.9999999,1.452813e-008,-6.418311e-008,0,0.06598803,1.28638e-009,5.688863e-009,1</TM>
			</PRIMITIVE>
		</GEOMETRY>
		<GEOMETRY id="bip01 r upperarm">
			<PRIMITIVE id="bip01 r upperarm_1" type="sphyl">
				<RADIUS>0.06290361</RADIUS>
				<HEIGHT>0.3245791</HEIGHT>
				<TM>2.612272e-008,-0.1246562,-0.9922,0,6.817613e-009,0.9922001,-0.1246562,0,0.9999999,3.842975e-008,1.952376e-007,0,0.1622896,1.641898e-008,1.201728e-007,1</TM>
			</PRIMITIVE>
		</GEOMETRY>
		<GEOMETRY id="bip01 spine">
			<PRIMITIVE id="bip01 spine_1" type="sphyl">
				<RADIUS>0.09345179</RADIUS>
				<HEIGHT>0.1379222</HEIGHT>
				<TM>-0.0007775503,0.9999998,-1.326302e-006,0,2.620832e-008,1.326661e-006,0.9999999,0,0.9999998,0.0007775503,-2.459785e-008,0,0.06896109,5.362639e-005,-1.679554e-009,1</TM>
			</PRIMITIVE>
		</GEOMETRY>
		<GEOMETRY id="bip01 spine1">
			<PRIMITIVE id="bip01 spine1_1" type="sphyl">
				<RADIUS>0.1374209</RADIUS>
				<HEIGHT>0.173617</HEIGHT>
				<TM>-0.0007482012,0.9999998,-1.306166e-006,0,-1.656899e-008,1.305912e-006,0.9999999,0,0.9999997,0.000748198,1.824455e-008,0,0.1098054,5.159806e-005,1.280532e-009,1</TM>
			</PRIMITIVE>
		</GEOMETRY>
		<GEOMETRY id="bip01 spine2">
			<PRIMITIVE id="bip01 spine2_1" type="sphyl">
				<RADIUS>0.09780234</RADIUS>
				<HEIGHT>0.1379732</HEIGHT>
				<TM>-0.0003914185,0.9999999,-1.400134e-006,0,3.637422e-008,1.399015e-006,0.9999999,0,0.9999999,0.0003914185,-3.451123e-008,0,0.06898662,2.69752e-005,-2.387767e-009,1</TM>
			</PRIMITIVE>
		</GEOMETRY>
		<MODEL id="bip01 l calf" type="dynamics_and_geometry" geometry="bip01 l calf">
			<DYNAMICS>
				<MASS>0.1255433</MASS>
				<DENSITY>1</DENSITY>
				<MASS_OFFSET>0.2777767,3.770519e-009,-3.535008e-009</MASS_OFFSET>
				<INERTIA>0.0007005433,-5.092675e-011,2.187727e-010,0.005436958,2.371975e-012,0.005436958</INERTIA>
				<LIN_DAMP>0</LIN_DAMP>
				<ANG_DAMP>0</ANG_DAMP>
				<FAST_SPIN>0,1,0</FAST_SPIN>
				<USE_FAST_SPIN>0</USE_FAST_SPIN>
			</DYNAMICS>
		</MODEL>
		<MODEL id="bip01 l clavicle" type="dynamics_only" geometry="bip01 l clavicle">
			<DYNAMICS>
				<MASS>0.005688846</MASS>
				<DENSITY>1</DENSITY>
				<MASS_OFFSET>0.1036099,0.007394475,0.03262728</MASS_OFFSET>
				<INERTIA>2.728347e-005,0,0,2.728347e-005,0,2.728347e-005</INERTIA>
				<LIN_DAMP>0</LIN_DAMP>
				<ANG_DAMP>0</ANG_DAMP>
				<FAST_SPIN>0,1,0</FAST_SPIN>
				<USE_FAST_SPIN>0</USE_FAST_SPIN>
			</DYNAMICS>
		</MODEL>
		<MODEL id="bip01 l forearm" type="dynamics_and_geometry" geometry="bip01 l forearm">
			<DYNAMICS>
				<MASS>0.03258001</MASS>
				<DENSITY>1</DENSITY>
				<MASS_OFFSET>0.1496164,1.877994e-008,-5.650818e-008</MASS_OFFSET>
				<INERTIA>8.325377e-005,-1.3068e-011,1.15852e-010,0.0004655482,-1.963376e-012,0.0004655482</INERTIA>
				<LIN_DAMP>0</LIN_DAMP>
				<ANG_DAMP>0</ANG_DAMP>
				<FAST_SPIN>0,1,0</FAST_SPIN>
				<USE_FAST_SPIN>0</USE_FAST_SPIN>
			</DYNAMICS>
		</MODEL>
		<MODEL id="bip01 l thigh" type="dynamics_and_geometry" geometry="bip01 l thigh">
			<DYNAMICS>
				<MASS>0.1463456</MASS>
				<DENSITY>1</DENSITY>
				<MASS_OFFSET>0.2659589,3.447687e-009,2.974823e-008</MASS_OFFSET>
				<INERTIA>0.0009673465,1.622699e-011,-2.372125e-010,0.006225777,2.30918e-011,0.006225777</INERTIA>
				<LIN_DAMP>0</LIN_DAMP>
				<ANG_DAMP>0</ANG_DAMP>
				<FAST_SPIN>0,1,0</FAST_SPIN>
				<USE_FAST_SPIN>0</USE_FAST_SPIN>
			</DYNAMICS>
		</MODEL>
		<MODEL id="bip01 l upperarm" type="dynamics_and_geometry" geometry="bip01 l upperarm">
			<DYNAMICS>
				<MASS>0.03466981</MASS>
				<DENSITY>1</DENSITY>
				<MASS_OFFSET>0.1622896,1.744083e-008,-6.380657e-008</MASS_OFFSET>
